0.001081,0.002449
0.001790,0.000937
0.000478,0.000138
0.000053,0.000019
0.000769,0.000037
0.001439,0.000104
0.000360,0.000189
0.003717,0.000037
0.000065,0.000096
0.000660,0.000237
0.000939,0.000064
0.000158,0.000112
0.000173,0.000189
0.000064,0.000065
0.000033,0.000064
0.000206,0.006628
0.001023,0.000363
0.000127,0.000411
0.000017,0.000583
0.000612,0.000065
0.000221,0.000143
0.000096,0.000064
0.000080,0.000096
0.000049,0.004307
0.013616,0.000096
0.001272,0.000424
0.000299,0.000064
0.000174,0.002825
0.002164,0.000033
0.000017,0.000361
0.000017,0.000268
0.001067,0.000049
0.000064,0.000112
0.000018,0.000284
0.000064,0.000220
0.000701,0.000049
0.000408,0.001175
0.000143,0.000314
0.000157,0.001735
0.000362,0.000033
0.000500,0.000268
0.000033,0.000549
0.000064,0.000017
0.000049,0.002771
0.000033,0.000111
0.001689,0.000345
0.000049,0.006426
0.002398,0.002130
0.000252,0.000174
0.000127,0.000111
0.000033,0.000506
0.000033,0.000064
0.000033,0.000049
0.000252,0.000174
0.000049,0.000174
0.000064,0.000908
0.000691,0.000190
0.001281,0.000080
0.000080,0.000986
0.000049,0.000127
0.000174,0.001050
0.001282,0.003064
0.000237,0.000096
0.000096,0.000236
0.000204,0.000832
0.000049,0.000080
0.001868,0.000236
0.000080,0.000049
0.001543,0.000237
0.000064,0.002286
0.000063,0.001362
0.000127,0.000159
0.000065,0.001293
0.000286,0.000033
0.001830,0.000721
0.000222,0.000033
0.000112,0.000488
0.000017,0.000596
0.000159,0.001271
0.000127,0.002287
0.000347,0.002260
0.000049,0.000033
0.000127,0.000049
0.002260,0.000064
0.000017,0.000253
0.000096,0.000049
0.000049,0.000582
0.000300,0.000096
0.001397,0.000049
0.000033,0.003428
0.001587,0.000065
0.000033,0.002455
0.000033,0.000065
0.000049,0.000206
0.000033,0.000017
0.000363,0.000065
0.000128,0.000614
0.000583,0.001950
0.000018,0.000033
0.000096,0.000285
0.000175,0.000427
0.001945,0.000033
0.000127,0.000081
0.000065,0.000096
0.002196,0.000426
0.000017,0.000849
0.000472,0.000159
0.000159,0.000223
0.000017,0.002475
0.000144,0.002794
0.000033,0.000254
0.002423,0.000164
0.000018,0.000065
0.000018,0.000334
0.000161,0.001587
0.000034,0.000097
0.000017,0.000080
0.000017,0.000144
0.000253,0.000033
0.000144,0.000380
0.000034,0.000097
0.000727,0.000034
0.000427,0.000159
0.000143,0.001941
0.000065,0.000539
0.000838,0.000017
0.000080,0.000191
0.000017,0.000113
0.000065,0.000238
0.000112,0.001149
0.000017,0.001028
0.000443,0.003035
0.004966,0.000017
0.000033,0.004997
0.000049,0.000033
0.000174,0.000033
0.000065,0.000065
0.000033,0.000081
0.002148,0.000333
0.000065,0.000160
0.000474,0.000631
0.000081,0.005972
0.000034,0.000017
0.001007,0.000270
0.000065,0.000065
0.001226,0.000144
0.001996,0.002076
0.000049,0.000363
0.003442,0.000316
0.000034,0.000033
0.001286,0.002299
0.000112,0.001682
0.000598,0.002552
0.000065,0.000049
0.000691,0.000457
0.009777,0.000033
0.000207,0.000033
0.000017,0.000553
0.001368,0.000143
0.000363,0.000096
0.000033,0.000175
0.001570,0.001150
0.000973,0.000222
0.000410,0.001261
0.003761,0.000128
0.000628,0.000191
0.000158,0.000426
0.000380,0.000034
0.000017,0.000462
0.000018,0.000097
0.000113,0.000112
0.000049,0.000239
0.000128,0.000128
0.000583,0.000364
0.000207,0.000097
0.000381,0.000081
0.000033,0.000096
0.000096,0.000428
0.000065,0.000128
0.000381,0.000049
0.000475,0.000302
0.000065,0.000033
0.001848,0.000129
0.000443,0.000191
0.000254,0.000207
0.000065,0.000081
0.000349,0.000191
0.000269,0.000128
0.000081,0.001803
0.000128,0.000254
0.000065,0.000033
0.001043,0.000033
0.001486,0.000568
0.000458,0.000017
0.000159,0.000096
0.001059,0.000428
0.000679,0.000017
0.000033,0.000697
0.000049,0.001215
0.000160,0.001708
0.000017,0.000017
0.000253,0.000017
0.000065,0.000080
0.001642,0.000081
0.000049,0.000128
0.000175,0.000097
0.000317,0.000049
0.000065,0.000049
0.000081,0.000128
0.000097,0.000333
0.000347,0.002195
0.000017,0.000239
0.000081,0.000156
0.000096,0.001062
0.000034,0.000128
0.000741,0.000018
0.000270,0.000160
0.002159,0.000778
0.000049,0.000097
0.000253,0.000049
0.000443,0.000017
0.000302,0.000081
0.000144,0.004476
0.000065,0.000398
0.000683,0.000269
0.001975,0.000081
0.000128,0.000065
0.001437,0.000065
0.000049,0.000270
0.000033,0.000429
0.000017,0.000887
0.000285,0.001168
0.000191,0.000097
0.000034,0.000097
0.000034,0.000366
0.000144,0.000319
0.002113,0.000097
0.000033,0.000494
0.000051,0.000083
0.000222,0.000065
0.000409,0.000207
0.000017,0.000190
0.000049,0.000206
0.000033,0.001824
0.000017,0.002416
0.000017,0.000096
0.000017,0.000316
0.000222,0.000300
0.000049,0.000096
0.000033,0.000128
0.000033,0.000143
0.000959,0.000080
0.000049,0.000049
0.000127,0.000206
0.000080,0.000174
0.000065,0.000253
0.001992,0.000660
0.000017,0.000455
0.000174,0.004046
0.000064,0.000033
0.001179,0.000284
0.000457,0.001915
0.000064,0.000017
0.000064,0.000033
0.000112,0.000128
0.000159,0.000772
0.000491,0.000175
0.000442,0.000143
0.000064,0.000065
0.000325,0.001179
0.000065,0.000127
0.000159,0.001242
0.001885,0.000064
0.000064,0.000829
0.000315,0.000299
0.000691,0.000268
0.000017,0.000643
0.000065,0.000487
0.000175,0.000080
0.000849,0.000065
0.000064,0.000940
0.000033,0.001538
0.000017,0.000268
0.000017,0.000629
0.000033,0.001915
0.001837,0.000080
0.000331,0.000690
0.000017,0.002208
0.000033,0.000425
0.000283,0.001053
0.000941,0.000442
0.000175,0.000064
0.000971,0.001004
0.001006,0.000096
0.000065,0.000143
0.000283,0.000080
0.000017,0.000127
0.000033,0.000049
0.000314,0.000221
0.000033,0.000252
0.000362,0.000159
0.000802,0.000065
0.000158,0.000159
0.000049,0.000017
0.000409,0.000221
0.000564,0.000190
0.000206,0.000017
0.000033,0.000096
0.000301,0.000159
0.000033,0.000379
0.000049,0.000017
0.000127,0.000424
0.000049,0.000567
0.000033,0.000127
0.000033,0.001195
0.000205,0.000174
0.000064,0.001652
0.000409,0.000017
0.000017,0.000175
0.000158,0.000033
0.001607,0.000237
0.000080,0.000095
0.000065,0.000096
0.000127,0.000111
0.000033,0.000049
0.000253,0.000175
0.000553,0.004851
0.000860,0.000143
0.000049,0.000033
0.000065,0.000159
0.000049,0.000080
0.001789,0.000143
0.000330,0.000049
0.000081,0.000065
0.000049,0.000660
0.000034,0.000174
0.000347,0.000534
0.000065,0.000378
0.000424,0.000976
0.000127,0.000143
0.000393,0.000049
0.000252,0.000049
0.000111,0.000268
0.000596,0.000332
0.000581,0.000175
0.000049,0.000017
0.000065,0.000268
0.000048,0.000551
0.000112,0.002009
0.000017,0.000332
0.000082,0.000112
0.000206,0.000174
0.000095,0.002586
0.000081,0.000253
0.002268,0.000080
0.000017,0.000158
0.000159,0.000128
0.000033,0.000488
0.000111,0.000159
0.000033,0.004383
0.000299,0.000080
0.000080,0.000049
0.000112,0.000851
0.000127,0.000111
0.001303,0.000457
0.000050,0.000051
0.000049,0.000049
0.000112,0.000033
0.000033,0.000096
0.000017,0.000410
0.000049,0.000033
0.000049,0.000426
0.000128,0.000033
0.000033,0.000363
0.000285,0.002120
0.000189,0.000080
0.000252,0.000677
0.000206,0.000033
0.000221,0.000049
0.001302,0.000033
0.000033,0.000865
0.000033,0.001086
0.000693,0.001478
0.000017,0.001049
0.000096,0.001661
0.000033,0.002558
0.000112,0.001005
0.000346,0.000534
0.000033,0.000190
0.000111,0.001113
0.000111,0.000252
0.000454,0.003119
0.001710,0.001302
0.000394,0.000252
0.001362,0.000143
0.000049,0.000975
0.000175,0.000064
0.000033,0.003819
0.001435,0.000096
0.000882,0.000283
0.000675,0.000064
0.000206,0.000504
0.000080,0.000658
0.000111,0.000425
0.000064,0.000033
0.000143,0.000174
0.000127,0.000422
0.000064,0.000017
0.000346,0.000362
0.000033,0.000316
0.000284,0.000957
0.000017,0.000645
0.001659,0.000502
0.000033,0.000503
0.000158,0.000864
0.000064,0.002209
0.000033,0.003323
0.002524,0.000033
0.000189,0.000127
0.000345,0.000237
0.001181,0.000064
0.000049,0.000975
0.000206,0.000080
0.000190,0.000112
0.000348,0.001050
0.000080,0.000284
0.000017,0.000409
0.000049,0.001588
0.001401,0.000128
0.000253,0.000363
0.000064,0.000221
0.000049,0.000159
0.001042,0.000505
0.000017,0.001747
0.000049,0.000426
0.000176,0.002342
0.000049,0.000065
0.000033,0.000253
0.000472,0.001288
0.000064,0.000033
0.001349,0.000048
0.000017,0.000142
0.000080,0.000080
0.000331,0.004436
0.008906,0.000300
0.000551,0.000080
0.000049,0.000033
0.000081,0.000158
0.000033,0.000174
0.000017,0.000268
0.003651,0.000331
0.001224,0.000347
0.000065,0.000489
0.000033,0.000284
0.000127,0.001009
0.000033,0.000049
0.000080,0.002175
0.000033,0.001209
0.000049,0.000112
0.000064,0.000017
0.000065,0.004542
0.000442,0.000620
0.007219,0.000127
0.000960,0.000033
0.000628,0.001323
0.000159,0.000504
0.002638,0.000017
0.000033,0.001133
0.000284,0.000866
0.000237,0.000928
0.000017,0.001321
0.000565,0.000144
0.000237,0.000238
0.000049,0.000144
0.000269,0.000551
0.000017,0.001575
0.000535,0.000348
0.000033,0.001400
0.000018,0.002528
0.000488,0.000080
0.002331,0.000144
0.000065,0.000206
0.000033,0.000159
0.000159,0.000111
0.001132,0.000158
0.000017,0.000331
0.000080,0.000111
0.000112,0.000064
0.001069,0.000049
0.001444,0.000112
0.001298,0.003490
0.000098,0.002102
0.000083,0.000067
0.000033,0.000190
0.001690,0.001967
0.000018,0.000049
0.004232,0.000096
0.000065,0.000207
0.000143,0.000049
0.000441,0.000064
0.000065,0.000049
0.003173,0.001087
0.000049,0.000065
0.000316,0.000080
0.000033,0.000064
0.000143,0.000175
0.000427,0.001117
0.000331,0.002540
0.000049,0.000410
0.000033,0.000426
0.000017,0.000599
0.000033,0.000096
0.001655,0.000080
0.000064,0.000708
0.000049,0.000206
0.000237,0.001100
0.000049,0.006387
0.000049,0.000879
0.001160,0.000331
0.000252,0.000143
0.000049,0.002282
0.000033,0.002310
0.000033,0.000128
0.000190,0.000222
0.002141,0.000081
0.000206,0.000284
0.000033,0.000033
0.000817,0.000065
0.000033,0.000049
0.000189,0.000049
0.000299,0.000065
0.000049,0.000504
0.000065,0.000127
0.000143,0.000174
0.000283,0.000394
0.000112,0.000175
0.000033,0.004238
0.001980,0.000158
0.001807,0.000033
0.000159,0.000206
0.000049,0.000112
0.000330,0.000049
0.000111,0.004840
0.000941,0.000017
0.000956,0.000285
0.000175,0.000472
0.000033,0.000049
0.000410,0.000096
0.000033,0.001700
0.000253,0.002705
0.000049,0.000300
0.000096,0.000159
0.000315,0.000111
0.004803,0.000143
0.000190,0.000504
0.000440,0.000190
0.000891,0.000441
0.000080,0.000628
0.000065,0.000457
0.003591,0.000158
0.000473,0.000080
0.000065,0.000301
0.000428,0.006022
0.000191,0.000017
0.001071,0.000143
0.001476,0.000237
0.000049,0.000519
0.000142,0.000237
0.000441,0.001222
0.000644,0.000442
0.000139,0.000503
0.000033,0.000957
0.000143,0.000064
0.000300,0.000221
0.000017,0.000958
0.000048,0.000096
0.001397,0.002012
0.000017,0.000096
0.000049,0.000096
0.000033,0.001837
0.000033,0.000316
0.000033,0.000252
0.000111,0.000127
0.000300,0.000456
0.003274,0.003877
0.000048,0.000237
0.000065,0.005093
0.000033,0.000190
0.001098,0.000080
0.000126,0.000095
0.000221,0.000236
0.000315,0.000127
0.000111,0.000017
0.000581,0.000394
0.000033,0.000049
0.000049,0.000033
0.000425,0.002527
0.000096,0.000927
0.001903,0.002850
0.000017,0.000221
0.000285,0.000834
0.000049,0.003556
0.002721,0.002906
0.000049,0.000175
0.000017,0.004213
0.000581,0.002569
0.001178,0.000033
0.001776,0.001607
0.005068,0.000017
0.000632,0.000112
0.000143,0.000144
0.000033,0.000520
0.000207,0.001704
0.000127,0.000679
0.005420,0.000237
0.000080,0.000096
0.000380,0.006430
0.000112,0.000095
0.002004,0.000175
0.000066,0.000033
0.000830,0.000942
0.000017,0.000143
0.000033,0.000883
0.000111,0.001756
0.003270,0.000127
0.000049,0.006683
0.000128,0.001225
0.000174,0.000127
0.001574,0.000237
0.000269,0.000065
0.000017,0.000205
0.000017,0.000206
0.000033,0.000080
0.000033,0.000048
0.000065,0.000065
0.000501,0.006486
0.000174,0.000112
0.000174,0.000017
0.000049,0.000111
0.000471,0.000252
0.000064,0.001302
0.000080,0.000096
0.000174,0.000189
0.000050,0.000268
0.000017,0.000174
0.000252,0.000096
0.000017,0.002308
0.000064,0.000065
0.000205,0.000080
0.000049,0.000911
0.000645,0.000049
0.002315,0.000033
0.000769,0.000096
0.000049,0.000049
0.000158,0.006735
0.000049,0.000049
0.002225,0.000158
0.000064,0.000489
0.000315,0.002593
0.000128,0.000505
0.000033,0.004018
0.001178,0.002410
0.001616,0.001039
0.000064,0.000033
0.002808,0.000112
0.000017,0.002218
0.000252,0.000112
0.000958,0.000080
0.000581,0.000080
0.001462,0.000551
0.000080,0.000017
0.000017,0.000065
0.004865,0.001760
0.000096,0.000096
0.000049,0.006190
0.005045,0.000222
0.002212,0.000050
0.003185,0.000065
0.001352,0.001939
0.000065,0.001040
0.000065,0.000253
0.000049,0.000254
0.000285,0.000175
0.000080,0.001459
0.000347,0.000049
0.000033,0.000033
0.002027,0.003095
0.000049,0.005090
0.000065,0.000017
0.000081,0.000017
0.000096,0.000096
0.000017,0.000080
0.000017,0.000096
0.000065,0.000080
0.000049,0.000112
0.000366,0.000334
0.000081,0.000129
0.000096,0.000144
0.000017,0.001089
0.000630,0.002121
0.004456,0.000017
0.000049,0.000081
0.000551,0.006920
0.000080,0.000112
0.001568,0.000362
0.000409,0.000112
0.000159,0.000080
0.000566,0.000080
0.000159,0.006225
0.002572,0.006220
0.000033,0.000049
0.002673,0.000081
0.000975,0.001011
0.000017,0.003977
0.000017,0.000300
0.000474,0.000032
0.000112,0.000080
0.002955,0.008198
0.001400,0.000174
0.000380,0.000112
0.000365,0.000300
0.000144,0.001954
0.000080,0.000033
0.000096,0.000064
0.000033,0.003376
0.000773,0.000049
0.001870,0.000112
0.000459,0.001257
0.000174,0.000694
0.000033,0.001821
0.003667,0.003888
0.000048,0.000064
0.000206,0.004893
0.000017,0.000065
0.000427,0.000991
0.000017,0.000049
0.000931,0.002098
0.000033,0.001117
0.000238,0.001795
0.000033,0.000017
0.003611,0.000033
0.000065,0.000049
0.000538,0.003416
0.000049,0.003087
0.000049,0.000128
0.000065,0.000271
0.000098,0.000050
0.002025,0.000805
0.000065,0.004862
0.000836,0.000570
0.000033,0.000396
0.000880,0.001811
0.000111,0.002670
0.000096,0.000017
0.003749,0.000097
0.000929,0.000222
0.000112,0.000017
0.000599,0.005539
0.000033,0.000584
0.000301,0.000050
0.002691,0.000049
0.000049,0.002970
0.000049,0.000392
0.000033,0.000848
0.000017,0.001399
0.000033,0.001857
0.000017,0.000080
0.000049,0.000426
0.000049,0.000112
0.000237,0.000017
0.000080,0.000615
0.000017,0.000597
0.000346,0.001006
0.000801,0.000583
0.000128,0.000092
0.000049,0.000127
0.000049,0.000127
0.000143,0.001101
0.002486,0.000033
0.000064,0.002045
0.000394,0.000065
0.000096,0.000049
0.000033,0.000237
0.000096,0.002825
0.000033,0.000080
0.000033,0.001640
0.000237,0.000096
0.003871,0.002825
0.000018,0.000206
0.002707,0.000127
0.000049,0.000096
0.000017,0.000190
0.000064,0.000881
0.000346,0.000127
0.000064,0.000299
0.000080,0.005316
0.000315,0.000017
0.000095,0.000048
0.000284,0.000049
0.001022,0.000127
0.000017,0.000425
0.000190,0.000033
0.000456,0.000457
0.000049,0.000017
0.000221,0.000033
0.000080,0.000991
0.000095,0.004616
0.003914,0.000190
0.000111,0.000174
0.000017,0.000396
0.000034,0.000659
0.003379,0.000111
0.000049,0.000017
0.000188,0.000190
0.000424,0.000080
0.000033,0.005582
0.000660,0.000017
0.002162,0.002687
0.000033,0.000096
0.000143,0.002584
0.000300,0.000363
0.003597,0.000112
0.001355,0.006191
0.002611,0.000049
0.000033,0.000582
0.000064,0.000503
0.000268,0.001334
0.000127,0.000363
0.000017,0.000740
0.000017,0.000171
0.000017,0.000426
0.004524,0.003645
0.000049,0.000284
0.000049,0.000597
0.000033,0.000064
0.000313,0.000096
0.000034,0.002561
0.002885,0.000756
0.000033,0.000567
0.000080,0.000049
0.000049,0.000064
0.000111,0.004236
0.000017,0.000159
0.000616,0.003438
0.000049,0.000127
0.000942,0.000095
0.000221,0.000707
0.000096,0.000017
0.000425,0.002529
0.000033,0.000268
0.000080,0.000661
0.004400,0.000064
0.000033,0.001388
0.000033,0.000537
0.000300,0.004378
0.002068,0.000080
0.001696,0.000316
0.000111,0.000017
0.000064,0.000080
0.000033,0.000128
0.000112,0.000017
0.000033,0.000128
0.000111,0.001398
0.000221,0.000049
0.000033,0.000017
0.002927,0.000064
0.000111,0.000128
0.000049,0.002843
0.000427,0.000160
0.000033,0.000396
0.000080,0.000206
0.000017,0.003879
0.000159,0.000050
0.001962,0.000115
0.000033,0.000206
0.000096,0.000017
0.001126,0.001830
0.000128,0.000034
0.000081,0.000159
0.000175,0.000096
0.000426,0.000365
0.000049,0.000096
0.000475,0.001927
0.000333,0.000080
0.000049,0.000017
0.001938,0.000017
0.000049,0.000144
0.000017,0.000648
0.000034,0.005452
0.000064,0.000080
0.003378,0.002917
0.000080,0.000206
0.000175,0.000834
0.000237,0.002930
0.000049,0.000174
0.001851,0.001541
0.000017,0.000096
0.000033,0.000080
0.000017,0.000583
0.000064,0.000112
0.000033,0.000065
0.000143,0.000033
0.000033,0.000064
0.000205,0.000143
0.000049,0.000174
0.000143,0.000991
0.003251,0.000065
0.002026,0.000221
0.000363,0.000128
0.000080,0.000049
0.000017,0.000583
0.000033,0.001307
0.000017,0.000080
0.000191,0.000317
0.000144,0.000410
0.000065,0.001113
0.000143,0.002472
0.000017,0.000049
0.000160,0.000660
0.000017,0.000080
0.000017,0.001335
0.000268,0.000551
0.000017,0.000080
0.000064,0.000127
0.000033,0.001914
0.000175,0.000804
0.000329,0.000065
0.000017,0.000427
0.000238,0.001170
0.001279,0.002613
0.000112,0.000347
0.000017,0.000222
0.000790,0.000993
0.000190,0.000489
0.000049,0.000300
0.000391,0.000363
0.001373,0.000616
0.000238,0.000585
0.000396,0.000253
0.001451,0.001466
0.005127,0.000551
0.000725,0.000159
0.000333,0.000552
0.000630,0.000253
0.000284,0.000615
0.000285,0.000582
0.000268,0.000631
0.000598,0.000253
0.000614,0.000285
0.000240,0.000633
0.000583,0.000286
0.000284,0.000598
0.000284,0.000582
0.000628,0.000253
0.000628,0.000252
0.000613,0.000268
0.000612,0.000284
0.000581,0.000300
0.000582,0.000300
0.000582,0.000284
0.000268,0.000610
0.000599,0.000269
0.000284,0.000615
0.000583,0.000284
0.000614,0.000269
0.000581,0.000301
0.000583,0.000300
0.000581,0.000299
0.000252,0.000630
0.000567,0.000300
0.000253,0.000630
0.000253,0.000628
0.000253,0.000630
0.000237,0.000645
0.000253,0.000614
0.000268,0.000598
0.000284,0.000598
0.000267,0.000629
0.000237,0.000630
0.000583,0.000301
0.000253,0.000633
0.000254,0.000616
0.000254,0.000627
0.000253,0.000630
0.000252,0.000614
0.000268,0.000613
0.000269,0.000615
0.000253,0.000614
0.000269,0.000628
0.000238,0.000629
0.000252,0.000629
0.000567,0.000316
0.000252,0.000630
0.000237,0.000626
0.000268,0.000614
0.000583,0.000285
0.000598,0.000285
0.000254,0.000632
0.000582,0.000299
0.000237,0.000647
0.000228,0.000633
0.000253,0.000631
0.000568,0.000316
0.000568,0.000302
0.000583,0.000307
0.000566,0.005141
0.005055,0.000645
0.000565,0.000315
0.000252,0.000613
0.000583,0.000300
0.000252,0.000630
0.000252,0.000630
0.000235,0.000643
0.000581,0.000299
0.000565,0.000316
0.000237,0.000643
0.000560,0.000314
0.000237,0.000643
0.000236,0.000658
0.000550,0.000330
0.000563,0.000315
0.000562,0.000331
0.000533,0.000330
0.000565,0.000314
0.000561,0.000315
0.000562,0.000315
0.000236,0.000643
0.000577,0.000315
0.000221,0.000660
0.000550,0.000330
0.000564,0.000299
0.000580,0.000299
0.000579,0.000315
0.000551,0.000330
0.000220,0.000660
0.000546,0.000330
0.000237,0.000643
0.000236,0.000643
0.000221,0.000672
0.000221,0.000643
0.000237,0.000646
0.000237,0.000644
0.000237,0.000645
0.000236,0.000630
0.000253,0.000645
0.000552,0.000316
0.000237,0.000675
0.000205,0.000646
0.000237,0.000646
0.000236,0.000642
0.000237,0.000645
0.000237,0.000629
0.000252,0.000631
0.000252,0.000629
0.000252,0.000629
0.000237,0.000646
0.000236,0.000646
0.000551,0.000331
0.000222,0.000661
0.000221,0.000645
0.000237,0.000644
0.000580,0.000300
0.000566,0.000315
0.000237,0.000644
0.000567,0.000315
0.000237,0.000645
0.000236,0.000644
0.000236,0.000645
0.000550,0.000330
0.000550,0.000332
0.000550,0.000330
0.000566,0.005138
0.005069,0.000644
0.000566,0.000331
0.000221,0.000646
0.000566,0.000317
0.000238,0.000648
0.000237,0.000630
0.000237,0.000661
0.000549,0.000330
0.000549,0.000331
0.000221,0.000661
0.000551,0.000331
0.000221,0.000641
0.000253,0.000628
0.000440,0.000456
0.000551,0.000331
0.000534,0.000347
0.000550,0.001228
0.000551,0.000315
0.000565,0.000315
0.000237,0.000645
0.000552,0.000332
0.000220,0.001194
0.000582,0.000316
0.000567,0.000316
0.000566,0.000300
0.000566,0.000316
0.000111,0.000896
0.000441,0.000315
0.000237,0.000645
0.000222,0.000661
0.000222,0.000647
0.000253,0.000631
0.000237,0.000645
0.000237,0.000647
0.000237,0.000648
0.000222,0.000647
0.000237,0.000646
0.000566,0.000315
0.000237,0.000646
0.000222,0.000661
0.000221,0.000661
0.000221,0.000662
0.000222,0.000651
0.000236,0.000644
0.000236,0.000644
0.000236,0.000645
0.000236,0.000643
0.000237,0.000630
0.000252,0.000645
0.000549,0.000332
0.000206,0.000646
0.000221,0.000664
0.000222,0.000648
0.000551,0.000329
0.000554,0.000333
0.000212,0.000648
0.000568,0.000317
0.000238,0.000633
0.000254,0.000635
0.000238,0.000648
0.000553,0.000316
0.000566,0.000317
0.000568,0.000317
0.000551,0.005146
0.005064,0.000664
0.000548,0.000317
0.000238,0.000645
0.000567,0.000316
0.000237,0.000646
0.000238,0.000632
0.000254,0.000631
0.000566,0.000316
0.000566,0.000315
0.000221,0.000661
0.000550,0.000331
0.000221,0.000661
0.000221,0.000658
0.000549,0.000332
0.000551,0.000316
0.000565,0.000316
0.000567,0.000316
0.000566,0.000316
0.000551,0.000347
0.000535,0.000332
0.000221,0.000663
0.000550,0.000316
0.000237,0.000646
0.000553,0.000332
0.000551,0.000331
0.000535,0.000332
0.000552,0.000316
0.000565,0.000331
0.000221,0.000645
0.000567,0.000317
0.000222,0.000661
0.000221,0.000663
0.000221,0.000661
0.000221,0.000661
0.000221,0.000641
0.000237,0.000646
0.000236,0.000646
0.000237,0.000630
0.000237,0.000661
0.000551,0.000331
0.000222,0.000647
0.000237,0.000647
0.000222,0.000693
0.000191,0.000646
0.000238,0.000646
0.000221,0.000659
0.000221,0.000646
0.000253,0.000631
0.000252,0.000631
0.000236,0.000647
0.000221,0.000645
0.000567,0.000317
0.000237,0.000646
0.000237,0.000646
0.000237,0.000645
0.000551,0.000315
0.000567,0.000323
0.000221,0.000660
0.000550,0.000330
0.000221,0.000657
0.000237,0.000628
0.000252,0.000629
0.000567,0.000330
0.000551,0.000315
0.000567,0.000315
0.000567,0.005153
0.005062,0.000662
0.000538,0.000349
0.000203,0.000664
0.000553,0.000317
0.000237,0.000646
0.000237,0.000630
0.000253,0.000646
0.000566,0.000315
0.000566,0.000316
0.000222,0.000662
0.000536,0.000348
0.000221,0.000646
0.000237,0.000648
0.000563,0.000317
0.000553,0.000316
0.000582,0.000300
0.000582,0.000300
0.000566,0.000317
0.000567,0.000316
0.000550,0.000332
0.000221,0.000662
0.000536,0.000347
0.000206,0.000662
0.000551,0.000331
0.000537,0.000346
0.000535,0.000347
0.000535,0.000333
0.000552,0.000317
0.000237,0.000647
0.000566,0.000317
0.000237,0.000632
0.000238,0.000648
0.000222,0.000664
0.000221,0.000648
0.000222,0.000663
0.000221,0.000662
0.000206,0.000662
0.000222,0.000647
0.000238,0.000648
0.000567,0.000317
0.000222,0.000650
0.000238,0.000648
0.000222,0.000664
0.000222,0.000647
0.000237,0.000630
0.000238,0.000646
0.000237,0.000652
0.000205,0.000660
0.000221,0.000660
0.000237,0.000630
0.000252,0.000628
0.000579,0.000301
0.000242,0.000644
0.000221,0.000646
0.000237,0.000646
0.000551,0.000331
0.000550,0.000330
0.000236,0.000644
0.000549,0.000330
0.000221,0.000660
0.000236,0.000628
0.000252,0.000646
0.000550,0.000316
0.000565,0.000316
0.000550,0.000331
0.000552,0.005143
0.005055,0.000662
0.000551,0.000331
0.000221,0.000659
0.000547,0.000331
0.000221,0.000661
0.000221,0.000647
0.000237,0.000646
0.000568,0.000299
0.000568,0.000315
0.000237,0.000644
0.000566,0.000316
0.000222,0.000660
0.000221,0.000662
0.000549,0.000330
0.000547,0.000331
0.000550,0.000332
0.000550,0.000315
0.000566,0.000316
0.000566,0.000315
0.000565,0.000316
0.000237,0.000645
0.000551,0.000331
0.000221,0.000662
0.000551,0.000331
0.000535,0.000347
0.000534,0.000347
0.000536,0.000347
0.000535,0.000331
0.000221,0.000661
0.000565,0.000299
0.000252,0.000643
0.000222,0.000660
0.000221,0.000660
0.000221,0.000662
0.000221,0.000660
0.000221,0.000645
0.000237,0.000641
0.000237,0.000645
0.000237,0.000645
0.000566,0.000316
0.000237,0.000644
0.000237,0.000630
0.000253,0.000629
0.000237,0.000645
0.000222,0.000659
0.000221,0.000757
0.000049,0.000739
0.000221,0.000643
0.000237,0.000644
0.000237,0.000645
0.000128,0.000630
0.000582,0.000299
0.000252,0.000628
0.000237,0.000645
0.000237,0.000645
0.000565,0.000315
0.000565,0.000315
0.000237,0.000645
0.000550,0.000328
0.000221,0.000661
0.000221,0.000662
0.000221,0.000646
0.000568,0.000301
0.000582,0.000300
0.000566,0.000316
0.000551,0.056718
0.003571,0.001024
0.000174,0.000065
0.002375,0.000018
0.004425,0.000221
0.000346,0.000159
0.000096,0.007785
0.000033,0.010189
0.000049,0.000064
0.000662,0.000175
0.000033,0.006491
0.000364,0.000693
0.000064,0.000096
0.000191,0.000206
0.000049,0.001072
0.000395,0.000049
0.000160,0.008105
0.000033,0.000332
0.000049,0.000049
0.000080,0.000017
0.000065,0.000190
0.000033,0.000695
0.000159,0.000017
0.000097,0.000191
0.000143,0.000128
0.000017,0.000065
0.000033,0.002601
0.000395,0.000176
0.000191,0.000017
0.000065,0.000049
0.000932,0.000064
0.000444,0.000790
0.000682,0.000301
0.000033,0.006231
0.000049,0.000017
0.000049,0.000112
0.001902,0.000159
0.000017,0.001431
0.000158,0.000819
0.000049,0.004220
0.000017,0.000049
0.002726,0.001918
0.000033,0.000379
0.000050,0.005175
0.000269,0.000143
0.000127,0.000316
0.001429,0.006047
0.001456,0.000033
0.003309,0.000018
0.000065,0.004527
0.000112,0.001848
0.002779,0.001992
0.000033,0.000128
0.000033,0.000128
0.000143,0.005097
0.002065,0.000017
0.000033,0.004571
0.000191,0.001481
0.004737,0.000223
0.000033,0.007069
0.000190,0.000364
0.000096,0.000017
0.000017,0.000175
0.000065,0.001842
0.000143,0.000237
0.000017,0.000458
0.000143,0.000679
0.000127,0.000080
0.000033,0.000128
0.000410,0.003927
0.003029,0.000237
0.001758,0.000819
0.000033,0.001429
0.000049,0.000536
0.000049,0.000506
0.000017,0.000049
0.000065,0.000175
0.000049,0.000332
0.000143,0.000237
0.000017,0.000112
0.000017,0.000112
0.003911,0.000127
0.000033,0.004379
0.000127,0.000017
0.000033,0.000190
0.002501,0.000064
0.000787,0.007851
0.001303,0.000049
0.001777,0.000049
0.001380,0.000268
0.000033,0.001023
0.000065,0.000080
0.000112,0.000080
0.000457,0.000801
0.000096,0.001086
0.003445,0.000080
0.001542,0.004494
0.000033,0.000128
0.000081,0.000096
0.002288,0.000693
0.000143,0.000817
0.000049,0.000064
0.000159,0.005730
0.002274,0.001923
0.000112,0.000081
0.000504,0.000520
0.000017,0.000787
0.000065,0.000144
0.000080,0.000096
0.000033,0.001643
0.002950,0.000111
0.000881,0.000049
0.000033,0.000676
0.000017,0.000472
0.000520,0.000081
0.000174,0.000958
0.000017,0.000127
0.000096,0.000441
0.000033,0.000315
0.000112,0.000363
0.000033,0.002744
0.000143,0.000033
0.000991,0.000049
0.002137,0.000033
0.000017,0.000903
0.000049,0.000049
0.000096,0.000991
0.000222,0.000174
0.000111,0.000049
0.000049,0.002915
0.000205,0.000017
0.000033,0.000065
0.004230,0.001257
0.000049,0.000347
0.000049,0.000143
0.000033,0.000049
0.000080,0.000772
0.000081,0.000253
0.000140,0.003016
0.000159,0.000096
0.003240,0.000237
0.000253,0.000175
0.000017,0.004407
0.004028,0.007216
0.000238,0.000049
0.000049,0.000017
0.000973,0.000033
0.001037,0.000127
0.000065,0.000159
0.000033,0.000772
0.000049,0.001416
0.000017,0.000128
0.000191,0.000127
0.000080,0.000175
0.000080,0.000946
0.000045,0.002534
0.003270,0.000222
0.000785,0.002954
0.000642,0.001572
0.003778,0.000144
0.000080,0.000851
0.000017,0.005562
0.000033,0.000300
0.002203,0.003479
0.000096,0.000725
0.000033,0.001160
0.000284,0.000237
0.001035,0.000017
0.003556,0.000864
0.000268,0.007205
0.000144,0.000112
0.003050,0.000112
0.000064,0.000096
0.004354,0.001324
0.002085,0.000175
0.000357,0.000018
0.000584,0.000159
0.000049,0.001075
0.000049,0.000348
0.000285,0.000017
0.000033,0.001797
0.000081,0.002142
0.002638,0.000017
0.000033,0.003773
0.000174,0.001824
0.000033,0.000944
0.003962,0.000064
0.000190,0.005009
0.000034,0.000207
0.001718,0.000017
0.000049,0.000080
0.000049,0.000143
0.001414,0.000049
0.000049,0.000550
0.001082,0.000017
0.000064,0.001446
0.000096,0.000017
0.000127,0.000112
0.000471,0.000143
0.000065,0.000159
0.000127,0.000111
0.000033,0.000127
0.000033,0.000316
0.000174,0.000520
0.000065,0.000049
0.002586,0.000112
0.001114,0.000112
0.000190,0.000049
0.000017,0.000080
0.000549,0.005488
0.004194,0.003016
0.000127,0.000248
0.000612,0.000064
0.000880,0.000017
0.000049,0.000080
0.000363,0.000096
0.000788,0.000080
0.000096,0.000363
0.000081,0.000049
0.001040,0.002328
0.000049,0.001930
0.000269,0.000128
0.000065,0.000281
0.000080,0.002166
0.002900,0.000363
0.000299,0.000818
0.000017,0.000613
0.000049,0.000363
0.000049,0.004356
0.000409,0.000033
0.000065,0.000049
0.000080,0.000064
0.000691,0.000363
0.000017,0.000080
0.000033,0.000096
0.000017,0.000017
0.000065,0.001162
0.000049,0.000112
0.000065,0.001590
0.000253,0.000111
0.000206,0.002211
0.002205,0.000300
0.001302,0.001863
0.000239,0.003424
0.001133,0.000112
0.000064,0.000064
0.000428,0.000159
0.000080,0.000851
0.000065,0.000065
0.000033,0.000065
0.000065,0.002710
0.000049,0.000302
0.000033,0.001563
0.000490,0.000081
0.000128,0.000017
0.000284,0.000033
0.000096,0.000206
0.000049,0.001343
0.000331,0.000238
0.004151,0.000017
0.000017,0.000631
0.000049,0.000049
0.000253,0.000206
0.000049,0.000396
0.000144,0.003960
0.000096,0.000018
0.000159,0.000065
0.000457,0.000143
0.001652,0.002632
0.000033,0.000741
0.000017,0.000080
0.000158,0.001071
0.000127,0.001288
0.000065,0.000065
0.000159,0.000065
0.002656,0.000017
0.000379,0.000190
0.000929,0.000364
0.000881,0.002802
0.000049,0.000033
0.000096,0.003451
0.001449,0.000081
0.000629,0.000585
0.000175,0.000080
0.001057,0.000221
0.000473,0.000897
0.000065,0.002339
0.003557,0.005577
0.000017,0.000144
0.000080,0.000096
0.004200,0.004269
0.000127,0.005060
0.000017,0.000615
0.000033,0.000065
0.000128,0.000128
0.000033,0.000678
0.000175,0.000284
0.000033,0.000316
0.000097,0.001276
0.000065,0.001920
0.000128,0.000206
0.003795,0.000049
0.000050,0.001795
0.000065,0.000238
0.000286,0.004150
0.000033,0.001298
0.000049,0.000159
0.000049,0.000080
0.000033,0.000033
0.001119,0.000049
0.000396,0.000096
0.000333,0.000113
0.000160,0.000049
0.000049,0.000916
0.000080,0.000033
0.000065,0.000080
0.000349,0.000317
0.000033,0.000427
0.000064,0.000427
0.002400,0.000144
0.000033,0.000160
0.002527,0.000520
0.000033,0.001117
0.000017,0.000772
0.000080,0.000441
0.000080,0.000898
0.000034,0.003143
0.000017,0.000159
0.003494,0.000128
0.000017,0.001826
0.000049,0.001415
0.000205,0.000080
0.000065,0.000033
0.000268,0.002090
0.003646,0.000348
0.000033,0.000033
0.000315,0.003163
0.000709,0.000993
0.000049,0.000080
0.000127,0.000064
0.003765,0.000033
0.000033,0.000033
0.000065,0.000866
0.000065,0.004371
0.000033,0.000175
0.000033,0.000033
0.000080,0.000143
0.003297,0.000081
0.000143,0.003236
0.000112,0.000237
0.000049,0.002950
0.002641,0.000096
0.000049,0.000128
0.000520,0.004536
0.000049,0.002983
0.000127,0.000033
0.000017,0.000332
0.000490,0.001511
0.000096,0.000065
0.000080,0.000944
0.000410,0.000033
0.000033,0.000521
0.000081,0.000065
0.000049,0.000457
0.000049,0.000159
0.000379,0.000049
0.000629,0.002784
0.000268,0.000080
0.003019,0.001131
0.000033,0.001509
0.000316,0.000661
0.000049,0.002904
0.000127,0.000017
0.000017,0.000049
0.000064,0.000033
0.000473,0.000049
0.003623,0.001779
0.000033,0.000159
0.000097,0.000381
0.000081,0.000536
0.000033,0.000033
0.004078,0.000049
0.000456,0.000898
0.000064,0.000049
0.000709,0.005436
0.000033,0.000317
0.002859,0.002829
0.000802,0.000049
0.000033,0.000128
0.000017,0.000444
0.000081,0.000065
0.000140,0.000175
0.000017,0.000680
0.000049,0.001108
0.003110,0.000017
0.000507,0.004660
0.000286,0.000033
0.000080,0.000065
0.000144,0.000112
0.003625,0.000049
0.000284,0.000708
0.000174,0.000096
0.000017,0.000049
0.000536,0.001828
0.000190,0.000033
0.000017,0.000254
0.000144,0.000128
0.000081,0.000065
0.000409,0.000096
0.000017,0.000302
0.000143,0.000175
0.000628,0.000127
0.000064,0.000253
0.002862,0.004123
0.000364,0.002951
0.002241,0.000065
0.000049,0.000849
0.000017,0.001977
0.000017,0.000581
0.000064,0.000159
0.000033,0.000096
0.000017,0.000143
0.000111,0.000456
0.000126,0.000174
0.000022,0.001550
0.001320,0.001710
0.000017,0.001520
0.000127,0.000456
0.000033,0.000065
0.000066,0.000276
0.000049,0.000676
0.000034,0.000757
0.000096,0.000223
0.000065,0.000096
0.000017,0.000033
0.000253,0.000361
0.000190,0.000112
0.000017,0.000850
0.000160,0.001103
0.003060,0.003217
0.001143,0.000824
0.000049,0.000160
0.000017,0.002002
0.001085,0.000065
0.002288,0.002451
0.003922,0.001301
0.000064,0.001304
0.000033,0.004290
0.000065,0.000065
0.003669,0.003663
0.000077,0.001039
0.004746,0.003623
0.000017,0.000111
0.000033,0.000112
0.000216,0.001443
0.004025,0.000691
0.000300,0.001899
0.000065,0.001400
0.000155,0.000174
0.000064,0.000033
0.000033,0.000033
0.000033,0.000033
0.000049,0.002467
0.001926,0.000064
0.000033,0.005178
0.000080,0.000909
0.000080,0.000017
0.001209,0.000174
0.002875,0.000065
0.000017,0.001052
0.000017,0.001601
0.000064,0.000174
0.000252,0.000253
0.000049,0.000017
0.000080,0.000158
0.000049,0.000205
0.000080,0.000144
0.000065,0.000033
0.000033,0.001364
0.000048,0.000189
0.001931,0.000033
0.000017,0.000533
0.000393,0.000457
0.000033,0.000017
0.000363,0.000206
0.000033,0.000818
0.000033,0.000378
0.000504,0.000834
0.000268,0.000535
0.000048,0.000111
0.000377,0.000081
0.004899,0.000080
0.000033,0.005347
0.000033,0.000127
0.000081,0.002724
0.001732,0.000316
0.001368,0.000033
0.000064,0.000237
0.000033,0.000049
0.000080,0.000190
0.000097,0.000143
0.000065,0.000301
0.000317,0.000033
0.000570,0.000364
0.000130,0.001607
0.003671,0.000317
0.000632,0.000143
0.000017,0.004896
0.003509,0.000112
0.000017,0.000080
0.000221,0.000033
0.000017,0.005559
0.003961,0.000363
0.000502,0.000849
0.000017,0.000379
0.000111,0.000033
0.001021,0.000017
0.000160,0.000081
0.000017,0.000128
0.000034,0.000049
0.002363,0.001574
0.000222,0.003727
0.000190,0.000474
0.000065,0.000017
0.003737,0.007578
0.001873,0.003388
0.002237,0.000081
0.003891,0.000017
0.000017,0.000394
0.000049,0.000033
0.000065,0.000080
0.000081,0.000017
0.000033,0.000159
0.000394,0.000033
0.001039,0.000080
0.000866,0.000428
0.000677,0.002211
0.000191,0.000049
0.000205,0.000127
0.001240,0.000080
0.002193,0.000206
0.000284,0.000819
0.000049,0.000774
0.000096,0.003428
0.000049,0.000332
0.000049,0.001386
0.000033,0.000049
0.000033,0.000270
0.002930,0.000143
0.000440,0.000049
0.000206,0.000128
0.000049,0.000190
0.000473,0.000394
0.000018,0.000491
0.000064,0.000144
0.003104,0.003813
0.000050,0.002366
0.000018,0.000080
0.006007,0.000144
0.000065,0.003846
0.000206,0.000049
0.000301,0.000017
0.003217,0.000033
0.000804,0.006137
0.002877,0.000332
0.000017,0.000396
0.000065,0.000602
0.000017,0.000317
0.000049,0.000459
0.000049,0.000159
0.000033,0.001070
0.004160,0.000569
0.000299,0.000568
0.000301,0.000582
0.000364,0.000520
0.005168,0.000537
0.000646,0.000237
0.000301,0.000583
0.000599,0.000286
0.000285,0.000600
0.000268,0.000614
0.000268,0.000599
0.000611,0.000285
0.000582,0.000285
0.000285,0.000599
0.000598,0.000269
0.000300,0.000598
0.000268,0.000598
0.000598,0.000285
0.000597,0.000284
0.000597,0.000285
0.000583,0.000300
0.000582,0.000285
0.000595,0.000300
0.000584,0.000286
0.000270,0.000600
0.000615,0.000254
0.000284,0.000616
0.000584,0.000301
0.000567,0.000316
0.000566,0.000301
0.000583,0.000301
0.000566,0.000316
0.000237,0.000646
0.000564,0.000315
0.000237,0.000628
0.000252,0.000628
0.000252,0.000629
0.000253,0.000614
0.000268,0.000614
0.000268,0.000615
0.000253,0.000631
0.000253,0.000631
0.000237,0.000630
0.000582,0.000300
0.000253,0.000630
0.000252,0.000628
0.000252,0.000614
0.000268,0.000613
0.000269,0.000597
0.000284,0.000614
0.000252,0.000630
0.000253,0.000629
0.000254,0.000629
0.000237,0.000644
0.000237,0.000630
0.000565,0.000328
0.000237,0.000646
0.000237,0.000628
0.000252,0.000629
0.000581,0.000285
0.000585,0.000300
0.000254,0.000631
0.000568,0.000317
0.000237,0.000629
0.000252,0.000628
0.000252,0.000629
0.000582,0.000310
0.000033,0.000064
0.000440,0.000315
0.000551,0.000331
0.000566,0.005134
0.005078,0.000613
0.000583,0.000300
0.000253,0.000630
0.000566,0.000315
0.000221,0.000660
0.000237,0.000645
0.000221,0.000646
0.000569,0.000316
0.000564,0.000315
0.000237,0.000644
0.000551,0.000316
0.000237,0.000645
0.000252,0.000628
0.000564,0.000316
0.000551,0.000331
0.000551,0.000331
0.000551,0.000332
0.000551,0.000331
0.000550,0.000331
0.000545,0.000332
0.000222,0.000662
0.000535,0.000333
0.000221,0.000646
0.000567,0.000315
0.000582,0.000299
0.000566,0.000316
0.000567,0.000316
0.000551,0.000331
0.000221,0.000661
0.000551,0.000332
0.000221,0.000695
0.000160,0.000675
0.000236,0.000644
0.000236,0.000629
0.000252,0.000629
0.000237,0.000645
0.000238,0.000629
0.000252,0.000646
0.000222,0.000646
0.000566,0.000315
0.000238,0.000647
0.000211,0.000659
0.000223,0.000646
0.000222,0.000663
0.000097,0.000649
0.000238,0.000646
0.000253,0.000615
0.000254,0.000630
0.000238,0.000646
0.000237,0.000646
0.000238,0.000630
0.000566,0.000316
0.000238,0.000642
0.000237,0.000645
0.000221,0.000662
0.000535,0.000331
0.000566,0.000316
0.000237,0.000629
0.000581,0.000300
0.000253,0.000629
0.000252,0.000628
0.000237,0.000643
0.000565,0.000315
0.000566,0.000315
0.000548,0.000332
0.000550,0.005149
0.005036,0.000660
0.000565,0.000315
0.000236,0.000628
0.000581,0.000300
0.000237,0.000644
0.000237,0.000645
0.000221,0.000662
0.000550,0.000331
0.000534,0.000331
0.000237,0.000645
0.000550,0.000347
0.000205,0.000660
0.000221,0.000644
0.000567,0.000301
0.000582,0.000300
0.000567,0.000316
0.000550,0.000332
0.000551,0.000331
0.000549,0.000330
0.000549,0.000331
0.000220,0.000660
0.000550,0.000316
0.000221,0.000662
0.000551,0.000316
0.000566,0.000315
0.000566,0.000316
0.000565,0.000315
0.000564,0.000315
0.000221,0.000662
0.000549,0.000331
0.000221,0.000645
0.000237,0.000642
0.000221,0.000659
0.000221,0.000644
0.000237,0.000646
0.000237,0.000630
0.000252,0.000629
0.000252,0.000644
0.000206,0.000660
0.000550,0.000331
0.000221,0.000659
0.000221,0.000645
0.000238,0.000645
0.000222,0.000643
0.000237,0.000644
0.000221,0.000644
0.000237,0.000643
0.000237,0.000645
0.000237,0.000643
0.000237,0.000645
0.000221,0.000645
0.000568,0.000316
0.000237,0.000646
0.000221,0.000645
0.000249,0.000629
0.000566,0.000331
0.000535,0.000331
0.000237,0.000629
0.000567,0.000315
0.000237,0.000643
0.000237,0.000645
0.000237,0.000644
0.000550,0.000331
0.000549,0.000332
0.000551,0.000315
0.000561,0.005134
0.004961,0.000757
0.000536,0.000363
0.000190,0.000676
0.000536,0.000316
0.000252,0.000629
0.000252,0.000628
0.000237,0.000643
0.000564,0.000315
0.000551,0.000330
0.000236,0.000645
0.000551,0.000317
0.000236,0.000643
0.000236,0.000644
0.000578,0.000299
0.000578,0.000300
0.000578,0.000299
0.000566,0.000314
0.000564,0.000315
0.000563,0.000330
0.000549,0.000330
0.000220,0.000675
0.000517,0.000361
0.000205,0.000674
0.000535,0.000330
0.000548,0.000330
0.000566,0.000299
0.000581,0.000299
0.000566,0.000330
0.000221,0.000661
0.000550,0.000315
0.000221,0.000659
0.000222,0.000645
0.000237,0.000645
0.000233,0.000647
0.000222,0.000662
0.000222,0.000647
0.000227,0.000648
0.000236,0.000647
0.000237,0.000647
0.000553,0.000316
0.000238,0.000648
0.000221,0.000663
0.000222,0.000662
0.000221,0.000647
0.000218,0.000662
0.000221,0.000664
0.000206,0.000662
0.000222,0.000649
0.000237,0.000644
0.000237,0.000645
0.000221,0.000645
0.000566,0.000316
0.000237,0.000644
0.000221,0.000661
0.000221,0.000660
0.000549,0.000330
0.000552,0.000316
0.000236,0.000644
0.000567,0.000300
0.000253,0.000628
0.000252,0.000629
0.000237,0.000646
0.000551,0.000331
0.000550,0.000331
0.000550,0.000331
0.000550,0.005143
0.005055,0.000657
0.000549,0.000331
0.000221,0.000661
0.000551,0.000315
0.000221,0.000661
0.000221,0.000645
0.000237,0.000660
0.000549,0.000316
0.000551,0.000332
0.000222,0.000663
0.000536,0.000332
0.000221,0.000658
0.000236,0.000644
0.000550,0.000331
0.000551,0.000317
0.000566,0.000316
0.000566,0.000300
0.000567,0.000330
0.000549,0.000315
0.000566,0.000315
0.000237,0.000659
0.000533,0.000330
0.000222,0.000660
0.000561,0.000316
0.000549,0.000346
0.000252,0.000096
0.000049,0.000033
0.000033,0.000441
0.000473,0.000331
0.000535,0.000331
0.000221,0.000662
0.000550,0.000332
0.000221,0.000644
0.000237,0.000645
0.000221,0.000662
0.000221,0.000645
0.000248,0.000629
0.000237,0.000645
0.000237,0.000643
0.000237,0.000645
0.000236,0.000643
0.000564,0.000315
0.000222,0.000660
0.000221,0.000645
0.000237,0.000646
0.000237,0.000645
0.000238,0.000647
0.000221,0.000658
0.000221,0.000644
0.000237,0.000643
0.000253,0.000628
0.000237,0.000644
0.000237,0.000645
0.000550,0.000331
0.000221,0.000660
0.000221,0.000645
0.000221,0.000660
0.000567,0.000316
0.000549,0.000332
0.000221,0.000662
0.000551,0.000331
0.000207,0.000661
0.000237,0.000647
0.000237,0.000629
0.000564,0.000331
0.000550,0.000315
0.000566,0.000331
0.000535,0.005149
0.005056,0.000659
0.000547,0.000327
0.000220,0.000659
0.000563,0.000316
0.000237,0.000645
0.000235,0.000644
0.000237,0.000643
0.000562,0.000331
0.000532,0.000332
0.000237,0.000644
0.000565,0.000315
0.000220,0.000659
0.000236,0.000643
0.000559,0.000330
0.000550,0.000314
0.000566,0.000331
0.000549,0.000315
0.000565,0.000316
0.000563,0.000330
0.000549,0.000331
0.000221,0.000659
0.000535,0.000347
0.000205,0.000661
0.000549,0.000331
0.000549,0.000332
0.000551,0.000317
0.000567,0.000317
0.000551,0.000331
0.000221,0.000662
0.000548,0.000324
0.000222,0.000646
0.000222,0.000665
0.000222,0.000648
0.000238,0.000646
0.000237,0.000646
0.000231,0.000647
0.000222,0.000663
0.000222,0.000646
0.000238,0.000646
0.000568,0.000301
0.000253,0.000632
0.000237,0.000647
0.000221,0.000661
0.000221,0.000647
0.000237,0.000645
0.000236,0.000644
0.000237,0.000642
0.000237,0.000644
0.000221,0.000661
0.000221,0.000660
0.000237,0.000629
0.000565,0.000331
0.000221,0.000644
0.000237,0.000644
0.000236,0.000643
0.000566,0.000315
0.000566,0.000316
0.000221,0.000657
0.000566,0.000300
0.000252,0.000629
0.000253,0.000646
0.000221,0.000645
0.000565,0.000316
0.000566,0.000316
0.000552,0.000331
0.000549,0.076482
0.000064,0.006915
0.000111,0.001788
0.000143,0.000064
0.000033,0.000064
0.000173,0.001144
0.000095,0.008819
0.000080,0.006132
0.000033,0.001185
0.000408,0.000174
0.000142,0.000127
0.000313,0.000017
0.000126,0.000190
0.000049,0.000033
0.002074,0.005836
0.000814,0.000299
0.002112,0.000487
0.000127,0.000128
0.000299,0.000283
0.000033,0.000064
0.000189,0.000221
0.000096,0.000127
0.000064,0.000049
0.000017,0.004441
0.000690,0.000017
0.000692,0.000471
0.000065,0.000175
0.000049,0.000252
0.000347,0.000347
0.000314,0.004900
0.000515,0.003177
0.000064,0.000049
0.001744,0.000064
0.000064,0.005973
0.000033,0.000708
0.000033,0.000049
0.001526,0.000064
0.000111,0.000096
0.000080,0.001415
0.000017,0.001490
0.000049,0.000505
0.004100,0.000049
0.000049,0.000049
0.000205,0.000252
0.000033,0.000959
0.000064,0.001913
0.000017,0.004298
0.002210,0.000049
0.001034,0.000080
0.000283,0.002958
0.000143,0.000049
0.000064,0.001204
0.000345,0.000033
0.003097,0.006896
0.003375,0.000049
0.000486,0.000894
0.000049,0.001004
0.000362,0.000300
0.000158,0.000033
0.000111,0.000580
0.000205,0.000159
0.000017,0.000077
0.000407,0.000190
0.000095,0.000048
0.000017,0.000190
0.000629,0.001583
0.000017,0.000252
0.000095,0.000158
0.000376,0.000033
0.000628,0.001797
0.000268,0.000017
0.000064,0.000096
0.000033,0.001991
0.007057,0.000096
0.000689,0.000565
0.000048,0.000174
0.000127,0.000033
0.000048,0.000096
0.000096,0.002694
0.003222,0.000049
0.000535,0.002387
0.000048,0.000111
0.000033,0.000253
0.000017,0.000095
0.000143,0.000597
0.000017,0.000739
0.000065,0.000064
0.000080,0.000081
0.000159,0.000285
0.000064,0.000033
0.000190,0.000222
0.002950,0.006163
0.001364,0.001199
0.000223,0.000081
0.000302,0.000033
0.000191,0.000112
0.000049,0.000190
0.000033,0.000285
0.000473,0.000584
0.000017,0.000064
0.000222,0.000112
0.000065,0.001073
0.000913,0.001682
0.000033,0.000676
0.002789,0.001102
0.000316,0.000411
0.000049,0.000630
0.000065,0.000017
0.000065,0.001166
0.000347,0.000190
0.000064,0.000284
0.000049,0.000096
0.001317,0.000363
0.000017,0.000363
0.000033,0.000754
0.002007,0.000064
0.000033,0.000096
0.000158,0.000017
0.001675,0.003099
0.000174,0.000911
0.003557,0.000457
0.000127,0.000049
0.000190,0.000096
0.000033,0.000882
0.000284,0.000143
0.000049,0.003846
0.000033,0.000033
0.003511,0.000520
0.000221,0.001305
0.000112,0.000363
0.000112,0.000393
0.000158,0.002102
0.000049,0.000378
0.005290,0.004336
0.000033,0.000064
0.004813,0.003432
0.000173,0.000048
0.000064,0.000080
0.000111,0.002706
0.002434,0.000095
0.000017,0.000033
0.000049,0.002551
0.000017,0.000237
0.000017,0.000784
0.000127,0.000049
0.000033,0.000487
0.007244,0.008531
0.000266,0.000831
0.000905,0.000205
0.000049,0.000033
0.000921,0.000189
0.001602,0.000017
0.000344,0.000095
0.004405,0.000706
0.000111,0.000080
0.000033,0.002352
0.000049,0.000331
0.000049,0.000159
0.000111,0.000598
0.000018,0.000237
0.000189,0.001615
0.000064,0.000080
0.000033,0.001349
0.000080,0.000755
0.000424,0.001723
0.000017,0.004503
0.000348,0.000033
0.002584,0.000269
0.000049,0.000033
0.000488,0.000096
0.000174,0.000049
0.000065,0.000629
0.000378,0.000394
0.000268,0.004431
0.003773,0.001462
0.000206,0.000143
0.000033,0.001963
0.000018,0.000112
0.000621,0.000096
0.000017,0.001476
0.000065,0.000033
0.003252,0.000049
0.000033,0.000175
0.000221,0.000822
0.000475,0.005804
0.000033,0.000364
0.001698,0.000080
0.000033,0.000410
0.000017,0.000944
0.000831,0.000191
0.000395,0.001085
0.000033,0.000676
0.000423,0.000049
0.000159,0.000081
0.000190,0.001572
0.002766,0.000033
0.000190,0.000111
0.000017,0.000065
0.000034,0.001401
0.000017,0.002028
0.000064,0.000316
0.001114,0.000081
0.000080,0.000033
0.003536,0.000159
0.000410,0.000679
0.000049,0.000222
0.000017,0.001258
0.000049,0.000127
0.000127,0.005064
0.000424,0.000205
0.000033,0.000080
0.000033,0.000174
0.001219,0.000909
0.000112,0.000534
0.000049,0.000424
0.000236,0.000691
0.000221,0.000268
0.000126,0.000612
0.000018,0.001863
0.004334,0.001740
0.000283,0.000739
0.000049,0.001961
0.000766,0.000206
0.000330,0.000017
0.000096,0.000049
0.002182,0.000268
0.000127,0.000095
0.000488,0.001084
0.000017,0.005637
0.002129,0.000659
0.000049,0.000065
0.000049,0.000096
0.000830,0.000080
0.000111,0.000033
0.000017,0.000017
0.000080,0.000049
0.000095,0.003558
0.000049,0.000159
0.004860,0.001036
0.000315,0.003850
0.002644,0.000065
0.000691,0.000033
0.000049,0.000285
0.000033,0.006107
0.000190,0.000065
0.001330,0.000221
0.001440,0.000207
0.000033,0.000456
0.000127,0.000174
0.000064,0.000237
0.000017,0.000676
0.000017,0.000753
0.000158,0.000299
0.000064,0.000907
0.000049,0.000033
0.000252,0.002056
0.002165,0.000159
0.000033,0.000270
0.000158,0.002604
0.000064,0.003014
0.004044,0.000612
0.000033,0.001099
0.000064,0.006240
0.000049,0.000158
0.000017,0.000237
0.000409,0.000065
0.000205,0.000033
0.000033,0.000096
0.001330,0.000394
0.000691,0.000330
0.000440,0.000033
0.000314,0.000220
0.000033,0.000613
0.000425,0.000659
0.000048,0.000096
0.000615,0.000049
0.000394,0.000284
0.000127,0.000127
0.000017,0.000033
0.000080,0.000049
0.000049,0.000048
0.002292,0.000048
0.001053,0.002544
0.000064,0.000517
0.000678,0.003277
0.002334,0.002885
0.001049,0.000221
0.000033,0.000801
0.000049,0.000299
0.000735,0.002113
0.000049,0.000033
0.001191,0.000550
0.000080,0.000081
0.000346,0.000096
0.000033,0.000033
0.000033,0.001385
0.000111,0.000662
0.000048,0.003681
0.002645,0.000127
0.000751,0.000332
0.000142,0.000049
0.001332,0.000033
0.000096,0.003227
0.000033,0.000536
0.005011,0.004833
0.000049,0.000111
0.000096,0.000363
0.000033,0.000111
0.003137,0.000489
0.000081,0.000033
0.000440,0.000080
0.000095,0.004745
0.000049,0.000049
0.003041,0.000017
0.000080,0.001994
0.000064,0.002445
0.000081,0.000484
0.004992,0.001051
0.000017,0.006872
0.000049,0.000049
0.000174,0.001742
0.000315,0.000708
0.001206,0.001492
0.000049,0.001617
0.000647,0.000757
0.000064,0.000080
0.004454,0.000080
0.000597,0.000080
0.000049,0.000927
0.000033,0.004451
0.003911,0.000817
0.000017,0.000567
0.000190,0.000112
0.000017,0.000787
0.000080,0.003443
0.001350,0.000363
0.000017,0.000144
0.000127,0.000080
0.000771,0.000065
0.000128,0.000552
0.000598,0.003752
0.000065,0.000096
0.000033,0.000064
0.000017,0.000143
0.000221,0.000049
0.000051,0.000099
0.000049,0.000096
0.002875,0.000128
0.000491,0.000033
0.000520,0.006511
0.000033,0.000049
0.003918,0.000033
0.000064,0.003401
0.000096,0.000331
0.000127,0.000049
0.000033,0.000017
0.000096,0.000033
0.003336,0.000752
0.001102,0.000064
0.000190,0.001996
0.000033,0.000705
0.000033,0.000049
0.004406,0.003058
0.000049,0.000924
0.002839,0.000175
0.000299,0.000049
0.000064,0.000033
0.000064,0.000064
0.000049,0.000017
0.000017,0.001257
0.000017,0.000974
0.000143,0.000643
0.002055,0.001261
0.000017,0.000096
0.000017,0.000096
0.000017,0.001793
0.000127,0.000080
0.000033,0.000096
0.000033,0.000065
0.000174,0.000190
0.000017,0.000692
0.000033,0.000017
0.000049,0.003026
0.000033,0.000441
0.000049,0.000065
0.004224,0.000033
0.000457,0.000206
0.000033,0.001764
0.000426,0.000913
0.000017,0.002854
0.000017,0.000237
0.002558,0.000692
0.000033,0.000315
0.000268,0.000064
0.000049,0.000017
0.000316,0.000269
0.000535,0.000127
0.000049,0.000033
0.000158,0.000206
0.000252,0.001474
0.000049,0.000049
0.000143,0.000143
0.003403,0.000065
0.000427,0.000033
0.000017,0.003221
0.000175,0.000127
0.000080,0.000033
0.000080,0.003516
0.003230,0.001116
0.000017,0.000410
0.000049,0.000410
0.000096,0.000473
0.000958,0.003164
0.003586,0.003480
0.001286,0.000097
0.001017,0.000065
0.000049,0.000065
0.000737,0.000221
0.000702,0.000377
0.000065,0.000112
0.000752,0.001667
0.001120,0.000129
0.000489,0.000269
0.000064,0.000692
0.000017,0.000080
0.000127,0.000206
0.000127,0.000080
0.000112,0.000049
0.000127,0.000755
0.000143,0.000315
0.000033,0.000913
0.000206,0.000064
0.000017,0.000519
0.000112,0.000143
0.000049,0.000065
0.002067,0.000033
0.000017,0.002261
0.002697,0.000080
0.000065,0.000096
0.000284,0.000080
0.000033,0.000096
0.000111,0.001348
0.000017,0.001694
0.000033,0.000080
0.000033,0.000164
0.000017,0.000628
0.000095,0.000111
0.000096,0.000252
0.000064,0.000064
0.000033,0.000080
0.001796,0.000064
0.000049,0.000989
0.000158,0.000096
0.000033,0.006952
0.003628,0.002152
0.000096,0.000504
0.000064,0.004685
0.003802,0.000096
0.000033,0.000128
0.000096,0.000190
0.000065,0.000080
0.000064,0.000033
0.000112,0.000394
0.000487,0.000861
0.000080,0.000143
0.000048,0.002962
0.002114,0.000017
0.000395,0.001647
0.000095,0.000017
0.000646,0.001023
0.000017,0.002068
0.004241,0.000065
0.000067,0.001018
0.000033,0.003226
0.000270,0.000552
0.000033,0.000255
0.002721,0.000835
0.000017,0.006544
0.001834,0.000017
0.001559,0.002813
0.000049,0.001054
0.000017,0.000081
0.000017,0.000270
0.000033,0.000270
0.000033,0.000112
0.000033,0.001453
0.002530,0.000033
0.000426,0.000269
0.000033,0.000049
0.000301,0.000285
0.000143,0.000363
0.000049,0.000064
0.000064,0.000858
0.000204,0.000049
0.001576,0.000017
0.000189,0.000080
0.001968,0.004131
0.000532,0.000048
0.000531,0.002865
0.000049,0.000017
0.000095,0.000033
0.000049,0.000064
0.000064,0.000111
0.000189,0.000221
0.000470,0.000095
0.000017,0.000189
0.000049,0.000142
0.000190,0.000096
0.000830,0.006351
0.003676,0.000095
0.000331,0.000331
0.000488,0.001132
0.000127,0.000143
0.000111,0.000519
0.000017,0.000253
0.000359,0.000519
0.000299,0.000598
0.000283,0.000582
0.000299,0.000566
0.000378,0.000190
0.000722,0.000158
0.000064,0.000064
0.000033,0.000096
0.000456,0.000441
0.000330,0.000551
0.005179,0.000533
0.000640,0.000236
0.000346,0.000534
0.000611,0.000283
0.000268,0.000612
0.000268,0.000612
0.000269,0.000612
0.000596,0.000284
0.000596,0.000281
0.000268,0.000613
0.000598,0.000284
0.000253,0.000628
0.000252,0.000629
0.000596,0.000268
0.000613,0.000284
0.000582,0.000299
0.000580,0.000284
0.000597,0.000284
0.000595,0.000284
0.000596,0.000284
0.000253,0.000614
0.000597,0.000268
0.000299,0.000598
0.000599,0.000269
0.000614,0.000285
0.000581,0.000300
0.000581,0.000300
0.000566,0.000315
0.000237,0.000644
0.000565,0.000315
0.000237,0.000629
0.000252,0.000628
0.000267,0.000614
0.000268,0.000612
0.000252,0.000630
0.000253,0.000629
0.000252,0.000629
0.000237,0.000644
0.000237,0.000630
0.000582,0.000300
0.000253,0.000630
0.000252,0.000629
0.000250,0.000628
0.000253,0.000612
0.000269,0.000629
0.000253,0.000613
0.000268,0.000612
0.000269,0.000613
0.000253,0.000629
0.000253,0.000629
0.000252,0.000628
0.000564,0.000315
0.000237,0.000644
0.000237,0.000642
0.000237,0.000629
0.000582,0.000300
0.000580,0.000299
0.000252,0.000629
0.000581,0.000300
0.000237,0.000644
0.000237,0.000646
0.000238,0.000630
0.000582,0.000299
0.000582,0.000299
0.000580,0.000300
0.000582,0.005125
0.005067,0.000645
0.000566,0.000315
0.000236,0.000628
0.000582,0.000300
0.000252,0.000630
0.000237,0.000645
0.000237,0.000645
0.000549,0.000331
0.000550,0.000324
0.000222,0.000659
0.000552,0.000333
0.000223,0.000651
0.000223,0.000648
0.000568,0.000317
0.000569,0.000301
0.000583,0.000300
0.000567,0.000316
0.000553,0.000332
0.000552,0.000333
0.000552,0.000314
0.000237,0.000647
0.000563,0.000317
0.000237,0.000631
0.000583,0.000300
0.000566,0.000316
0.000565,0.000315
0.000566,0.000316
0.000566,0.000316
0.000222,0.000662
0.000550,0.000331
0.000221,0.000661
0.000205,0.000677
0.000201,0.000678
0.000222,0.000645
0.000236,0.000645
0.000237,0.000645
0.000237,0.000631
0.000252,0.000645
0.000221,0.000646
0.000567,0.000317
0.000236,0.000645
0.000238,0.000645
0.000237,0.000646
0.000235,0.000631
0.000237,0.000644
0.000252,0.000629
0.000252,0.000632
0.000238,0.000646
0.000223,0.000662
0.000221,0.000644
0.000237,0.000660
0.000535,0.000348
0.000221,0.000646
0.000221,0.000662
0.000237,0.000631
0.000581,0.000299
0.000580,0.000299
0.000237,0.000644
0.000566,0.000315
0.000237,0.000643
0.000236,0.000643
0.000237,0.000643
0.000566,0.000315
0.000564,0.000314
0.000548,0.000331
0.000549,0.005162
0.005057,0.000642
0.000564,0.000314
0.000237,0.000643
0.000580,0.000299
0.000251,0.000628
0.000237,0.000659
0.000221,0.000659
0.000549,0.000330
0.000549,0.000330
0.000221,0.000644
0.000564,0.000327
0.000221,0.000660
0.000221,0.000643
0.000581,0.000300
0.000565,0.000330
0.000549,0.000330
0.000551,0.000332
0.000549,0.000315
0.000569,0.000316
0.000551,0.000347
0.000205,0.000676
0.000534,0.000331
0.000218,0.000662
0.000551,0.000332
0.000549,0.000331
0.000566,0.000300
0.000567,0.000315
0.000565,0.000317
0.000237,0.000644
0.000552,0.000332
0.000222,0.000662
0.000221,0.000661
0.000221,0.000644
0.000236,0.000646
0.000221,0.000663
0.000221,0.000662
0.000222,0.000646
0.000237,0.000646
0.000237,0.000646
0.000551,0.000330
0.000221,0.000661
0.000221,0.000645
0.000237,0.000645
0.000221,0.000662
0.000221,0.000658
0.000221,0.000662
0.000222,0.000647
0.000253,0.000631
0.000237,0.000648
0.000237,0.000631
0.000237,0.000646
0.000566,0.000315
0.000237,0.000646
0.000237,0.000645
0.000222,0.000663
0.000548,0.000332
0.000552,0.000333
0.000222,0.000647
0.000566,0.000316
0.000237,0.000630
0.000253,0.000630
0.000237,0.000661
0.000550,0.000315
0.000565,0.000316
0.000553,0.000316
0.000568,0.005138
0.005070,0.000644
0.000567,0.000316
0.000221,0.000663
0.000551,0.000325
0.000222,0.000645
0.000252,0.000631
0.000222,0.000680
0.000537,0.000317
0.000566,0.000315
0.000237,0.000645
0.000567,0.000317
0.000221,0.000660
0.000206,0.000662
0.000551,0.000332
0.000551,0.000315
0.000565,0.000314
0.000582,0.000299
0.000567,0.000316
0.000566,0.000316
0.000550,0.000330
0.000237,0.000644
0.000565,0.000314
0.000237,0.000643
0.000564,0.000330
0.000535,0.000346
0.000548,0.000315
0.000565,0.000314
0.000580,0.000299
0.000252,0.000644
0.000549,0.000331
0.000221,0.000676
0.000206,0.000659
0.000220,0.000660
0.000220,0.000660
0.000223,0.000658
0.000220,0.000658
0.000237,0.000642
0.000236,0.000642
0.000236,0.000642
0.000562,0.000329
0.000220,0.000658
0.000221,0.000660
0.000220,0.000658
0.000221,0.000658
0.000219,0.000657
0.000220,0.000670
0.000220,0.000658
0.000205,0.000658
0.000236,0.000643
0.000235,0.000641
0.000251,0.000643
0.000548,0.000329
0.000236,0.000642
0.000236,0.000641
0.000236,0.000643
0.000564,0.000314
0.000561,0.000331
0.000221,0.000661
0.000534,0.000347
0.000221,0.000644
0.000236,0.000644
0.000252,0.000628
0.000565,0.000315
0.000567,0.000314
0.000564,0.000315
0.000566,0.005147
0.005064,0.000659
0.000532,0.000345
0.000220,0.000659
0.000549,0.000331
0.000221,0.000643
0.000237,0.000643
0.000252,0.000629
0.000566,0.000331
0.000549,0.000330
0.000221,0.000660
0.000550,0.000331
0.000222,0.000661
0.000221,0.000645
0.000556,0.000316
0.000551,0.000331
0.000566,0.000315
0.000565,0.000300
0.000581,0.000315
0.000565,0.000314
0.000548,0.000346
0.000205,0.000659
0.000550,0.000346
0.000205,0.000675
0.000535,0.000331
0.000561,0.000315
0.000565,0.000315
0.000566,0.000315
0.000565,0.000315
0.000236,0.000644
0.000566,0.000331
0.000205,0.000674
0.000221,0.000659
0.000221,0.000660
0.000221,0.000659
0.000220,0.000658
0.000217,0.000659
0.000221,0.000659
0.000221,0.000660
0.000220,0.000659
0.000566,0.000314
0.000237,0.000643
0.000237,0.000675
0.000174,0.000676
0.000236,0.000644
0.000236,0.000644
0.000237,0.000644
0.000237,0.000640
0.000237,0.000659
0.000221,0.000645
0.000236,0.000643
0.000252,0.000629
0.000582,0.000300
0.000253,0.000628
0.000237,0.000644
0.000238,0.000642
0.000565,0.000314
0.000564,0.000330
0.000221,0.000659
0.000564,0.000315
0.000238,0.000628
0.000237,0.000646
0.000238,0.000645
0.000565,0.000315
0.000565,0.000315
0.000549,0.000323
0.000564,0.005157
0.005043,0.000677
0.000535,0.000332
0.000222,0.000658
0.000553,0.000331
0.000237,0.000644
0.000222,0.000646
0.000253,0.000629
0.000583,0.000300
0.000567,0.000317
0.000237,0.000644
0.000564,0.000315
0.000237,0.000644
0.000238,0.000645
0.000552,0.000350
0.000534,0.000329
0.000547,0.000329
0.000563,0.000314
0.000562,0.000314
0.000565,0.000314
0.000577,0.000314
0.000236,0.000658
0.000546,0.000330
0.000220,0.000672
0.000534,0.000329
0.000547,0.000345
0.000546,0.000346
0.000533,0.000331
0.000552,0.000331
0.000220,0.000658
0.000549,0.000331
0.000236,0.000644
0.000221,0.000660
0.000221,0.000659
0.000221,0.000659
0.000221,0.000659
0.000221,0.000659
0.000233,0.000645
0.000220,0.000661
0.000221,0.000661
0.000566,0.000299
0.000252,0.000643
0.000237,0.000644
0.000236,0.000644
0.000236,0.000658
0.000189,0.000691
0.000205,0.000675
0.000205,0.000660
0.000250,0.000630
0.000221,0.000661
0.000221,0.000659
0.000237,0.000627
0.000580,0.000314
0.000237,0.000643
0.000236,0.000643
0.000236,0.000644
0.000566,0.000331
0.000550,0.000315
0.000237,0.000643
0.000563,0.000330
0.000222,0.000645
0.000253,0.000629
0.000237,0.000644
0.000565,0.000316
0.000566,0.000315
0.000549,0.000346
0.000549,0.076806
0.000893,0.000424
0.000064,0.009540
0.000111,0.006317
0.001598,0.000315
0.000033,0.000127
0.000033,0.000111
0.000616,0.000316
0.000033,0.000363
0.000033,0.000065
0.000428,0.007081
0.000034,0.000096
0.000017,0.000315
0.000174,0.000080
0.000017,0.000221
0.000033,0.000033
0.000221,0.000456
0.000017,0.000049
0.000049,0.000174
0.000064,0.006641
0.000706,0.000048
0.000190,0.000112
0.000064,0.000049
0.001787,0.000472
0.000033,0.009255
0.003397,0.000096
0.007200,0.001302
0.000033,0.006580
0.000049,0.000049
0.000033,0.000111
0.001255,0.000049
0.000096,0.001490
0.000158,0.001237
0.000143,0.000236
0.000096,0.000205
0.000065,0.000174
0.000220,0.000378
0.000049,0.002990
0.003358,0.000174
0.000283,0.000065
0.000549,0.005524
0.003098,0.000049
0.000049,0.000096
0.000190,0.001284
0.000221,0.001628
0.000048,0.000330
0.000143,0.003948
0.000033,0.000049
0.000362,0.000017
0.001146,0.002210
0.000143,0.000065
0.000080,0.000064
0.000065,0.001986
0.000095,0.000268
0.000049,0.000065
0.000097,0.000127
0.000033,0.000081
0.000127,0.000536
0.000096,0.000175
0.003303,0.000143
0.000596,0.000099
0.000049,0.000127
0.000237,0.000410
0.000096,0.000442
0.000065,0.000033
0.000221,0.001086
0.000033,0.001348
0.001209,0.000236
0.000017,0.001126
0.000550,0.000064
0.000299,0.000658
0.000048,0.000315
0.000064,0.000938
0.000173,0.001956
0.000142,0.000864
0.000033,0.000909
0.000064,0.000017
0.003376,0.002125
0.000033,0.000656
0.000095,0.000703
0.000033,0.002623
0.000017,0.000064
0.000033,0.001374
0.000048,0.000173
0.001703,0.049541
0.015639,0.000017
0.004714,0.000424
0.003369,0.000174
0.006558,0.000049
0.001505,0.000205
0.000360,0.000237
0.000314,0.000064
0.000096,0.000033
0.001078,0.000095
0.000080,0.003141
0.000033,0.000064
0.000049,0.000033
0.004559,0.000391
0.000033,0.000316
0.004490,0.001743
0.000064,0.003778
0.003930,0.001206
0.000049,0.001207
0.000049,0.000800
0.000017,0.000095
0.000142,0.002222
0.000127,0.000064
0.001565,0.000064
0.002869,0.000065
0.000409,0.000033
0.001300,0.000111
0.000080,0.000205
0.000064,0.000112
0.000938,0.000033
0.000504,0.003382
0.000111,0.003052
0.000064,0.000174
0.000049,0.000786
0.000408,0.000787
0.000033,0.000708
0.000426,0.003852
0.000049,0.000269
0.000049,0.002977
0.000096,0.000064
0.002809,0.002289
0.000142,0.000518
0.000033,0.000158
0.000033,0.003735
0.000831,0.000017
0.000017,0.000064
0.000049,0.000064
0.000049,0.000221
0.000096,0.003639
0.000269,0.001117
0.000017,0.002422
0.000064,0.000080
0.000772,0.000049
0.000033,0.000332
0.002557,0.000222
0.000472,0.007421
0.000033,0.000346
0.001740,0.000064
0.000017,0.001210
0.000096,0.002859
0.000033,0.002728
0.001900,0.000033
0.000284,0.007844
0.002357,0.000080
0.000033,0.000206
0.000033,0.000301
0.001035,0.000049
0.000143,0.002657
0.000049,0.000631
0.000033,0.003176
0.000285,0.000159
0.000081,0.000049
0.000534,0.000033
0.000221,0.006546
0.000064,0.000173
0.003200,0.004166
0.000718,0.000127
0.000033,0.001479
0.001258,0.000300
0.001616,0.005331
0.000017,0.000017
0.000049,0.000080
0.000017,0.000285
0.000080,0.000128
0.001896,0.000283
0.000707,0.009141
0.000033,0.000033
0.000096,0.000033
0.000127,0.001997
0.000049,0.000049
0.000017,0.000080
0.000033,0.005398
0.000033,0.000221
0.001351,0.000033
0.000065,0.000017
0.001413,0.000159
0.000503,0.000017
0.000048,0.000976
0.000285,0.000332
0.000081,0.005626
0.000096,0.000128
0.001588,0.000096
0.000786,0.002471
0.000245,0.000099
0.000034,0.000617
0.000175,0.001073
0.000679,0.000049
0.003089,0.000773
0.000033,0.007538
0.002513,0.001353
0.000017,0.000144
0.000081,0.000410
0.000144,0.000864
0.000064,0.000017
0.001370,0.000065
0.000065,0.001920
0.000726,0.004388
0.000017,0.000143
0.001148,0.000238
0.000113,0.000347
0.000112,0.000143
0.000065,0.000159
0.000017,0.000017
0.000190,0.000033
0.002980,0.004455
0.000111,0.000976
0.000237,0.000112
0.000049,0.000222
0.000017,0.000049
0.000143,0.000033
0.000064,0.001385
0.001034,0.000033
0.000033,0.003328
0.000535,0.000112
0.000033,0.000033
0.000096,0.000112
0.000190,0.000017
0.000252,0.000017
0.000331,0.000346
0.000049,0.000222
0.000033,0.000771
0.003970,0.001699
0.000017,0.002766
0.000158,0.000143
0.000082,0.000018
0.000017,0.000689
0.000238,0.001191
0.000283,0.000033
0.000299,0.000017
0.000017,0.000143
0.000017,0.000829
0.000704,0.005023
0.000205,0.001252
0.000049,0.000017
0.003647,0.000080
0.000111,0.000237
0.000080,0.000033
0.000111,0.000033
0.000017,0.006761
0.000080,0.000049
0.000033,0.000080
0.000017,0.000065
0.001114,0.000049
0.000017,0.000128
0.000471,0.000316
0.000017,0.001900
0.000346,0.001998
0.000064,0.000394
0.001515,0.000331
0.000065,0.000190
0.000017,0.000017
0.002975,0.006672
0.000049,0.000112
0.003192,0.000347
0.000675,0.000049
0.000017,0.000613
0.000205,0.000111
0.000033,0.002995
0.000191,0.000771
0.002959,0.000160
0.000064,0.000191
0.000080,0.000961
0.000269,0.004334
0.000033,0.000080
0.000064,0.000236
0.002132,0.002482
0.001098,0.005382
0.000065,0.000096
0.000017,0.000065
0.002917,0.002169
0.000237,0.000033
0.000095,0.002244
0.003151,0.001193
0.000283,0.002086
0.000033,0.000929
0.000080,0.000913
0.002324,0.000080
0.000471,0.002154
0.000583,0.000300
0.000080,0.000064
0.000049,0.004947
0.000017,0.000143
0.000017,0.000080
0.001662,0.001243
0.000049,0.000017
0.000049,0.001432
0.001051,0.000347
0.000064,0.000159
0.000080,0.001007
0.000049,0.000222
0.000049,0.003500
0.002007,0.000754
0.000018,0.000566
0.000065,0.000017
0.000707,0.000284
0.000049,0.000694
0.000957,0.014052
0.000049,0.000049
0.001282,0.000786
0.000048,0.000299
0.000064,0.000817
0.000347,0.004210
0.001740,0.000017
0.000158,0.009222
0.000174,0.000017
0.000065,0.000300
0.001307,0.007800
0.001696,0.003052
0.000033,0.002722
0.000049,0.000175
0.000068,0.002921
0.000049,0.000049
0.001412,0.000033
0.000033,0.000949
0.001039,0.000300
0.000049,0.000033
0.000159,0.000206
0.000017,0.000096
0.000284,0.000080
0.000927,0.000839
0.000044,0.005608
0.000723,0.000191
0.001001,0.000346
0.000096,0.000112
0.001165,0.000049
0.000065,0.001207
0.000284,0.000158
0.000017,0.000284
0.000158,0.000080
0.000049,0.000096
0.000017,0.000096
0.002926,0.000033
0.002099,0.001006
0.000190,0.000959
0.000127,0.003919
0.001521,0.000017
0.002352,0.001917
0.000017,0.000174
0.000017,0.000264
0.000221,0.000143
0.000081,0.002169
0.000033,0.000080
0.003044,0.000206
0.000017,0.000175
0.001230,0.004125
0.000096,0.000065
0.000252,0.000143
0.000049,0.000096
0.000096,0.000096
0.002358,0.000096
0.000127,0.000268
0.001660,0.000112
0.000175,0.000221
0.000080,0.000957
0.000065,0.003056
0.000080,0.000331
0.001816,0.000017
0.000237,0.000427
0.000378,0.000048
0.000049,0.000159
0.000033,0.002916
0.000441,0.000143
0.000033,0.001242
0.000361,0.000064
0.000080,0.000111
0.000080,0.001770
0.002712,0.000502
0.000798,0.000205
0.000920,0.000143
0.000189,0.000096
0.000378,0.001905
0.000970,0.000064
0.000049,0.000127
0.002786,0.000316
0.000143,0.000598
0.000033,0.000065
0.000174,0.000504
0.000393,0.000347
0.000033,0.000677
0.000175,0.001427
0.000017,0.000080
0.000175,0.000644
0.000064,0.000080
0.000189,0.000081
0.000458,0.000081
0.002530,0.001650
0.000049,0.000064
0.000630,0.001415
0.000080,0.003407
0.000409,0.002263
0.003743,0.000517
0.000096,0.000017
0.000390,0.000991
0.000221,0.000033
0.001489,0.000017
0.002460,0.000644
0.000049,0.000049
0.000942,0.001226
0.000064,0.000112
0.000049,0.000127
0.000064,0.004032
0.000017,0.001007
0.000064,0.000347
0.000033,0.000221
0.000049,0.000096
0.000064,0.000096
0.001255,0.000472
0.000080,0.000143
0.000268,0.000613
0.000205,0.000112
0.000018,0.000912
0.000065,0.000234
0.000096,0.000332
0.000330,0.000896
0.000080,0.000143
0.000252,0.000990
0.000096,0.000128
0.001525,0.000363
0.002132,0.000457
0.000863,0.002618
0.003697,0.000190
0.002742,0.000111
0.000033,0.000049
0.000095,0.000049
0.000033,0.000080
0.000143,0.000331
0.000284,0.000065
0.000362,0.000313
0.000095,0.001226
0.000190,0.000190
0.000033,0.000237
0.002891,0.000033
0.000112,0.003651
0.000034,0.000285
0.000096,0.001037
0.000191,0.000599
0.001806,0.000049
0.000018,0.000228
0.002388,0.000033
0.000065,0.000065
0.000948,0.000160
0.000033,0.000176
0.000034,0.000033
0.000065,0.000191
0.000033,0.000144
0.000049,0.001589
0.000204,0.002728
0.001166,0.000962
0.000049,0.000080
0.000033,0.000112
0.000112,0.000049
0.000159,0.000300
0.000206,0.000033
0.000080,0.000331
0.000017,0.000080
0.000049,0.000065
0.000331,0.000033
0.000065,0.000065
0.000017,0.000190
0.000049,0.000049
0.000049,0.000049
0.000739,0.000033
0.000049,0.000930
0.000049,0.002050
0.000017,0.000080
0.000049,0.000190
0.000064,0.000190
0.002189,0.000362
0.000143,0.000363
0.000159,0.001430
0.000175,0.001292
0.000096,0.001882
0.000064,0.000159
0.000049,0.001002
0.000190,0.000064
0.000049,0.000065
0.000411,0.000536
0.000017,0.001400
0.000049,0.000252
0.001615,0.000159
0.000096,0.000347
0.000096,0.000144
0.007092,0.000065
0.000143,0.000096
0.002332,0.000142
0.000080,0.000378
0.000112,0.000912
0.000017,0.000456
0.000017,0.000595
0.000584,0.002619
0.000017,0.000237
0.000017,0.000332
0.000017,0.000190
0.000033,0.000441
0.000112,0.000033
0.000018,0.000049
0.002398,0.001101
0.000143,0.000300
0.000252,0.000143
0.000705,0.000395
0.000565,0.000017
0.000112,0.000410
0.000033,0.001306
0.000064,0.000017
0.005234,0.004112
0.000064,0.000017
0.000049,0.000472
0.000017,0.000096
0.003667,0.000080
0.000017,0.000206
0.000111,0.000425
0.001072,0.002817
0.000049,0.002755
0.000144,0.000587
0.000175,0.000096
0.000394,0.000096
0.000018,0.000285
0.000033,0.000206
0.000017,0.000568
0.001745,0.000065
0.000033,0.000301
0.000049,0.000032
0.000174,0.000458
0.000269,0.000096
0.000190,0.000144
0.000112,0.000599
0.000064,0.000127
0.000127,0.000642
0.000049,0.000253
0.000316,0.000112
0.000033,0.000914
0.000034,0.000065
0.002815,0.000049
0.000049,0.000364
0.000080,0.000190
0.000033,0.000207
0.000065,0.000190
0.000017,0.000080
0.000158,0.000144
0.001116,0.004722
0.000080,0.000474
0.001197,0.000017
0.000473,0.000049
0.000143,0.000144
0.000284,0.000285
0.000017,0.000065
0.000551,0.000112
0.000049,0.000222
0.000315,0.000443
0.000033,0.000519
0.000111,0.000191
0.000033,0.001068
0.000254,0.000033
0.001693,0.000662
0.000017,0.002651
0.000143,0.000190
0.000723,0.000473
0.000253,0.000033
0.000159,0.000442
0.000222,0.000143
0.000080,0.000506
0.000127,0.003808
0.017145,0.000474
0.007052,0.000347
0.000051,0.000163
0.000033,0.000064
0.000617,0.000081
0.000033,0.000254
0.000017,0.001685
0.000301,0.000064
0.000017,0.000537
0.000379,0.000017
0.002740,0.000568
0.000033,0.000191
0.000064,0.000065
0.000018,0.000504
0.000065,0.001512
0.000316,0.000175
0.000300,0.000127
0.000175,0.001527
0.000017,0.000879
0.000017,0.000347
0.002381,0.000300
0.000096,0.000080
0.000581,0.000143
0.000190,0.000174
0.000315,0.000049
0.000049,0.000049
0.000064,0.001541
0.000033,0.000395
0.000017,0.003892
0.000080,0.000316
0.000033,0.000065
0.000973,0.000425
0.000143,0.000096
0.000611,0.000064
0.000393,0.000112
0.000033,0.000096
0.000237,0.000472
0.000316,0.000159
0.000033,0.000190
0.000049,0.000080
0.000017,0.000723
0.000315,0.000096
0.000048,0.003006
0.000283,0.000080
0.000284,0.000049
0.000913,0.000080
0.000300,0.003507
0.000285,0.000174
0.000096,0.000551
0.000111,0.000363
0.000033,0.001843
0.000033,0.000253
0.002766,0.000080
0.000189,0.000222
0.000064,0.000551
0.000206,0.000065
0.000065,0.000112
0.000174,0.000112
0.000049,0.000237
0.000112,0.000080
0.000128,0.000206
0.000174,0.000379
0.000065,0.000394
0.000096,0.000521
0.000206,0.003318
0.000033,0.000064
0.000049,0.001764
0.000033,0.000112
0.000033,0.000112
0.000505,0.000206
0.000268,0.000459
0.000332,0.000112
0.000033,0.000645
0.000832,0.005042
0.000111,0.000144
0.000049,0.001778
0.000018,0.000774
0.000080,0.005654
0.000066,0.000065
0.003985,0.000222
0.000081,0.000081
0.000096,0.000049
0.000033,0.000206
0.000176,0.000128
0.000049,0.002629
0.000033,0.000080
0.000049,0.000065
0.000033,0.000174
0.003124,0.000096
0.000285,0.000127
0.001747,0.000269
0.000144,0.000615
0.000064,0.003014
0.000033,0.000363
0.000081,0.000096
0.000206,0.000017
0.000033,0.000143
0.001478,0.000112
0.000331,0.001353
0.000143,0.000017
0.000112,0.000111
0.000472,0.000112
0.000033,0.000709
0.000096,0.000112
0.000300,0.000190
0.000033,0.004413
0.000315,0.000143
0.001619,0.000380
0.001274,0.005153
0.000049,0.000096
0.000049,0.000033
0.002580,0.000268
0.000064,0.000221
0.001159,0.000033
0.000627,0.000833
0.000080,0.006116
0.000143,0.002383
0.000033,0.000064
0.000252,0.000096
0.000221,0.000442
0.000033,0.001635
0.000049,0.001268
0.000080,0.000598
0.001148,0.000080
0.000112,0.000064
0.000064,0.001295
0.000065,0.000616
0.000318,0.000207
0.000410,0.003866
0.000068,0.001153
0.000190,0.000254
0.000065,0.000049
0.000050,0.000871
0.000033,0.001011
0.001089,0.000600
0.000049,0.000332
0.000254,0.004431
0.000065,0.000175
0.000333,0.000381
0.000033,0.000128
0.000033,0.000017
0.000144,0.000017
0.000065,0.000553
0.000302,0.000695
0.000049,0.000144
0.000049,0.000726
0.000786,0.001824
0.000127,0.000552
0.000049,0.000811
0.002053,0.000410
0.000080,0.000160
0.000096,0.001539
0.000033,0.000096
0.000095,0.002187
0.000125,0.000049
0.000300,0.000144
0.001837,0.000065
0.003586,0.000065
0.000064,0.000081
0.000017,0.000221
0.000268,0.000033
0.000033,0.000347
0.000017,0.005518
0.002130,0.000284
0.000913,0.000206
0.000080,0.000676
0.000095,0.000127
0.000033,0.000033
0.000017,0.000300
0.000112,0.000677
0.000018,0.002240
0.000033,0.000143
0.003607,0.000347
0.000142,0.000332
0.000096,0.000127
0.000221,0.000080
0.000096,0.002889
0.000017,0.000269
0.000065,0.000359
0.000017,0.001177
0.003541,0.000064
0.000206,0.001052
0.000033,0.000597
0.000033,0.000128
0.000049,0.000064
0.000049,0.001679
0.000064,0.000316
0.000033,0.004484
0.000990,0.000221
0.000033,0.000064
0.000049,0.001398
0.000033,0.000033
0.000049,0.000095
0.000017,0.000080
0.000049,0.000316
0.000143,0.001478
0.000425,0.000937
0.000096,0.000033
0.000315,0.000080
0.000158,0.000190
0.001191,0.000017
0.000127,0.000080
0.000596,0.000550
0.000726,0.000128
0.000049,0.000017
0.000049,0.001373
0.000080,0.000143
0.000346,0.000441
0.000253,0.003412
0.000678,0.000080
0.000017,0.000096
0.000159,0.000096
0.000049,0.001103
0.000159,0.000552
0.000049,0.000017
0.000065,0.000112
0.000081,0.000033
0.000033,0.000175
0.000112,0.001748
0.000033,0.003864
0.000049,0.000096
0.000962,0.000270
0.000946,0.000049
0.000112,0.000017
0.000237,0.001009
0.000616,0.000160
0.000017,0.000159
0.000033,0.000742
0.000472,0.000931
0.000019,0.002739
0.000033,0.000080
0.000033,0.000097
0.000128,0.000049
0.000237,0.000065
0.001403,0.000380
0.000033,0.000065
0.000490,0.000096
0.000033,0.001370
0.000049,0.003832
0.000127,0.001625
0.001116,0.000128
0.000144,0.000380
0.000253,0.000773
0.000221,0.000175
0.000238,0.000112
0.000237,0.000222
0.000268,0.000112
0.000253,0.000238
0.000096,0.004589
0.002122,0.000474
0.001777,0.000080
0.000051,0.000491
0.000034,0.000175
0.000034,0.000112
0.000049,0.000806
0.000175,0.000144
0.000035,0.002512
0.003120,0.000017
0.000176,0.000255
0.000033,0.006616
0.001609,0.000034
0.000411,0.001232
0.000112,0.000112
0.001392,0.000318
0.000065,0.000649
0.000033,0.000255
0.000097,0.003262
0.000144,0.000144
0.000207,0.000049
0.000334,0.002044
0.000066,0.002642
0.002473,0.000050
0.005718,0.000081
0.002508,0.000018
0.002344,0.000081
0.000222,0.000033
0.000017,0.000349
0.000033,0.000065
0.000128,0.000206
0.000049,0.000018
0.000316,0.000096
0.000049,0.000222
0.001322,0.000065
0.000081,0.000065
0.000222,0.000033
0.000332,0.003550
0.000065,0.000445
0.000081,0.000176
0.000350,0.000049
0.000934,0.000224
0.000665,0.000018
0.000475,0.000049
0.000554,0.000633
0.000191,0.000081
0.000334,0.002142
0.000049,0.004898
0.000160,0.000065
0.001329,0.000176
0.000634,0.000128
0.000128,0.000065
0.000017,0.000128
0.000033,0.000397
0.000033,0.000350
0.000350,0.000286
0.000128,0.000699
0.000049,0.003382
0.000049,0.000728
0.002283,0.000160
0.000223,0.000065
0.000034,0.000113
0.000049,0.000255
0.000033,0.000841
0.000207,0.005968
0.002025,0.001606
0.001140,0.000065
0.000317,0.000049
0.000996,0.000192
0.000033,0.000192
0.000018,0.001047
0.000034,0.000160
0.000065,0.000129
0.000033,0.000049
0.001128,0.000287
0.001138,0.000191
0.000445,0.001127
0.000065,0.000097
0.000033,0.002782
0.000049,0.000191
0.000160,0.000333
0.000098,0.003401
0.000097,0.000018
0.000887,0.000097
0.000066,0.000018
0.000018,0.000304
0.000081,0.000271
0.000602,0.000081
0.000602,0.001317
0.000080,0.000081
0.000065,0.000129
0.000380,0.001234
0.000175,0.001714
0.001393,0.000049
0.000918,0.002374
0.000459,0.000492
0.000033,0.000113
0.000033,0.002527
0.003463,0.000635
0.000018,0.000176
0.000825,0.000017
0.000065,0.000271
0.000462,0.000033
0.000318,0.000018
0.000334,0.000191
0.000049,0.000160
0.000287,0.000033
0.000460,0.003134
0.000745,0.000065
0.000017,0.002299
0.000049,0.000304
0.000066,0.000271
0.000176,0.000509
0.000175,0.000589
0.000367,0.000192
0.000065,0.000129
0.000081,0.000192
0.000033,0.000065
0.000539,0.000050
0.000033,0.000412
0.000065,0.000571
0.000065,0.000161
0.000033,0.000208
0.000367,0.000017
0.000144,0.000034
0.000017,0.000255
0.000128,0.000667
0.001594,0.000634
0.000191,0.000144
0.000951,0.000034
0.000556,0.000081
0.000397,0.000936
0.000065,0.000460
0.000017,0.000065
0.000269,0.002044
0.000051,0.000099
0.005508,0.000160
0.001522,0.000049
0.000445,0.000113
0.000396,0.000334
0.000017,0.000223
0.000222,0.000478
0.003755,0.000017
0.000017,0.000049
0.000113,0.000176
0.000271,0.001015
0.000444,0.000049
0.000128,0.000113
0.000049,0.000223
0.000081,0.000254
0.000033,0.000728
0.000017,0.002048
0.003934,0.000648
0.000017,0.000364
0.000065,0.000128
0.000269,0.000994
0.000112,0.000191
0.000206,0.000112
0.000096,0.000160
0.000947,0.000050
0.000065,0.002401
0.000065,0.000050
0.000033,0.000191
0.001605,0.000065
0.000427,0.000049
0.000443,0.000160
0.000033,0.001279
0.000413,0.002976
0.000049,0.000237
0.000661,0.000128
0.000159,0.000065
0.000033,0.000175
0.001321,0.000222
0.000081,0.002269
0.000128,0.004229
0.001874,0.000759
0.000490,0.000930
0.000048,0.000096
0.001079,0.000616
0.000017,0.001089
0.000049,0.000187
0.002047,0.000049
0.001955,0.000096
0.000128,0.000096
0.000033,0.001312
0.000017,0.003752
0.000017,0.000081
0.001718,0.000033
0.001452,0.000222
0.000380,0.000033
0.000127,0.000033
0.000017,0.000128
0.000049,0.000901
0.000065,0.000096
0.000885,0.000065
0.000017,0.000554
0.000444,0.002224
0.003369,0.000490
0.000128,0.000097
0.001008,0.002840
0.000062,0.003347
0.001516,0.000522
0.000160,0.000049
0.000567,0.000238
0.000695,0.000508
0.000017,0.000633
0.000033,0.000255
0.000144,0.000411
0.000064,0.000270
0.000049,0.000935
0.000049,0.000619
0.000017,0.000033
0.002720,0.000049
0.000049,0.002598
0.000081,0.000159
0.000017,0.000160
0.000175,0.003439
0.000159,0.000160
